6.98928e+06
6.99261e+06
6.99595e+06
6.99929e+06
7.00262e+06
7.00596e+06
7.0093e+06
7.01263e+06
7.01597e+06
7.0193e+06
7.02264e+06
7.02597e+06
7.02931e+06
7.03264e+06
7.03598e+06
7.03931e+06
7.04265e+06
7.04598e+06
7.04931e+06
7.05265e+06
7.05598e+06
7.05931e+06
7.06265e+06
7.06598e+06
7.06931e+06
7.07265e+06
7.07598e+06
7.07931e+06
7.08264e+06
7.08597e+06
7.08931e+06
7.09264e+06
7.09597e+06
7.0993e+06
7.10263e+06
7.10596e+06
7.10929e+06
7.11262e+06
7.11595e+06
7.11928e+06
7.12261e+06
7.12594e+06
7.12927e+06
7.1326e+06
7.13593e+06
7.13926e+06
7.14259e+06
7.14592e+06
7.14925e+06
7.15257e+06
7.1559e+06
7.15923e+06
7.16256e+06
7.16588e+06
7.16921e+06
7.17254e+06
7.17587e+06
7.17919e+06
7.18252e+06
7.18585e+06
7.18917e+06
7.1925e+06
7.19582e+06
7.19915e+06
7.20248e+06
7.2058e+06
7.20913e+06
7.21245e+06
7.21578e+06
7.2191e+06
7.22243e+06
7.22575e+06
7.22907e+06
7.2324e+06
7.23572e+06
7.23904e+06
7.24237e+06
7.24569e+06
7.24901e+06
7.25234e+06
7.25566e+06
7.25898e+06
7.2623e+06
7.26563e+06
7.26895e+06
7.27227e+06
7.27559e+06
7.27891e+06
7.28223e+06
7.28556e+06
7.28888e+06
7.2922e+06
7.29552e+06
7.29884e+06
7.30216e+06
7.30548e+06
7.3088e+06
7.31212e+06
7.31544e+06
7.31876e+06
7.32207e+06
7.32539e+06
7.32871e+06
7.33203e+06
7.33535e+06
7.33867e+06
7.34198e+06
7.3453e+06
7.34862e+06
7.35194e+06
7.35525e+06
7.35857e+06
7.36189e+06
7.3652e+06
7.36852e+06
7.37184e+06
7.37515e+06
7.37847e+06
7.38178e+06
7.3851e+06
7.38841e+06
7.39173e+06
7.39504e+06
7.39836e+06
7.40167e+06
7.40499e+06
7.4083e+06
7.41162e+06
7.41493e+06
7.41824e+06
7.42156e+06
7.42487e+06
7.42818e+06
7.4315e+06
7.43481e+06
7.43812e+06
7.44143e+06
7.44475e+06
7.44806e+06
7.45137e+06
7.45468e+06
7.45799e+06
7.4613e+06
7.46461e+06
7.46792e+06
7.47124e+06
7.47455e+06
7.47786e+06
7.48117e+06
7.48448e+06
7.48779e+06
7.49109e+06
7.4944e+06
7.49771e+06
7.50102e+06
7.50433e+06
7.50764e+06
7.51095e+06
7.51426e+06
7.51756e+06
7.52087e+06
7.52418e+06
7.52749e+06
7.53079e+06
7.5341e+06
7.53741e+06
7.54071e+06
7.54402e+06
7.54733e+06
7.55063e+06
7.55394e+06
7.55724e+06
7.56055e+06
7.56385e+06
7.56716e+06
7.57046e+06
7.57377e+06
7.57707e+06
7.58038e+06
7.58368e+06
7.58699e+06
7.59029e+06
7.59359e+06
7.5969e+06
7.6002e+06
7.6035e+06
7.60681e+06
7.61011e+06
7.61341e+06
7.61671e+06
7.62002e+06
7.62332e+06
7.62662e+06
7.62992e+06
7.63322e+06
7.63652e+06
7.63982e+06
7.64312e+06
7.64642e+06
7.64973e+06
7.65303e+06
7.65633e+06
7.65962e+06
7.66292e+06
7.66622e+06
7.66952e+06
7.67282e+06
7.67612e+06
7.67942e+06
7.68272e+06
7.68602e+06
7.68931e+06
7.69261e+06
7.69591e+06
7.69921e+06
7.7025e+06
7.7058e+06
7.7091e+06
7.71239e+06
7.71569e+06
7.71899e+06
7.72228e+06
7.72558e+06
7.72887e+06
7.73217e+06
7.73546e+06
7.73876e+06
7.74205e+06
7.74535e+06
7.74864e+06
7.75194e+06
7.75523e+06
7.75853e+06
7.76182e+06
7.76511e+06
7.76841e+06
7.7717e+06
7.77499e+06
7.77829e+06
7.78158e+06
7.78487e+06
7.78816e+06
7.79145e+06
7.79475e+06
7.79804e+06
7.80133e+06
7.80462e+06
7.80791e+06
7.8112e+06
7.81449e+06
7.81778e+06
7.82107e+06
7.82436e+06
7.82765e+06
7.83094e+06
7.83423e+06
7.83752e+06
7.84081e+06
7.8441e+06
7.84739e+06
7.85068e+06
7.85396e+06
7.85725e+06
7.86054e+06
7.86383e+06
7.86711e+06
7.8704e+06
7.87369e+06
7.87697e+06
7.88026e+06
7.88355e+06
7.88683e+06
7.89012e+06
7.89341e+06
7.89669e+06
7.89998e+06
7.90326e+06
7.90655e+06
7.90983e+06
7.91312e+06
7.9164e+06
7.91969e+06
7.92297e+06
7.92625e+06
7.92954e+06
7.93282e+06
7.9361e+06
7.93939e+06
7.94267e+06
7.94595e+06
7.94923e+06
7.95252e+06
7.9558e+06
7.95908e+06
7.96236e+06
7.96564e+06
7.96892e+06
7.9722e+06
7.97549e+06
7.97877e+06
7.98205e+06
7.98533e+06
7.98861e+06
7.99189e+06
7.99517e+06
7.99845e+06
8.00172e+06
8.005e+06
8.00828e+06
8.01156e+06
8.01484e+06
8.01812e+06
8.0214e+06
8.02467e+06
8.02795e+06
8.03123e+06
8.03451e+06
8.03778e+06
8.04106e+06
8.04434e+06
8.04761e+06
8.05089e+06
8.05416e+06
8.05744e+06
8.06072e+06
8.06399e+06
8.06727e+06
8.07054e+06
8.07382e+06
8.07709e+06
8.08036e+06
8.08364e+06
8.08691e+06
8.09019e+06
8.09346e+06
8.09673e+06
8.10001e+06
8.10328e+06
8.10655e+06
8.10982e+06
8.1131e+06
8.11637e+06
8.11964e+06
8.12291e+06
8.12618e+06
8.12945e+06
8.13273e+06
8.136e+06
8.13927e+06
8.14254e+06
8.14581e+06
8.14908e+06
8.15235e+06
8.15562e+06
8.15889e+06
8.16216e+06
8.16542e+06
8.16869e+06
8.17196e+06
8.17523e+06
8.1785e+06
8.18177e+06
8.18503e+06
8.1883e+06
8.19157e+06
8.19484e+06
8.1981e+06
8.20137e+06
8.20464e+06
8.2079e+06
8.21117e+06
8.21443e+06
8.2177e+06
8.22097e+06
8.22423e+06
8.2275e+06
8.23076e+06
8.23403e+06
8.23729e+06
8.24055e+06
8.24382e+06
8.24708e+06
8.25035e+06
8.25361e+06
8.25687e+06
8.26014e+06
8.2634e+06
8.26666e+06
8.26992e+06
8.27318e+06
8.27645e+06
8.27971e+06
8.28297e+06
8.28623e+06
8.28949e+06
8.29275e+06
8.29601e+06
8.29927e+06
8.30253e+06
8.30579e+06
8.30905e+06
8.31231e+06
8.31557e+06
8.31883e+06
8.32209e+06
8.32535e+06
8.32861e+06
8.33187e+06
8.33513e+06
8.33838e+06
8.34164e+06
8.3449e+06
8.34816e+06
8.35141e+06
8.35467e+06
8.35793e+06
8.36118e+06
8.36444e+06
8.3677e+06
8.37095e+06
8.37421e+06
8.37746e+06
8.38072e+06
8.38397e+06
8.38723e+06
8.39048e+06
8.39374e+06
8.39699e+06
8.40024e+06
8.4035e+06
8.40675e+06
8.41001e+06
8.41326e+06
8.41651e+06
8.41976e+06
8.42302e+06
8.42627e+06
8.42952e+06
8.43277e+06
8.43602e+06
8.43928e+06
8.44253e+06
8.44578e+06
8.44903e+06
8.45228e+06
8.45553e+06
8.45878e+06
8.46203e+06
8.46528e+06
8.46853e+06
8.47178e+06
8.47503e+06
8.47828e+06
8.48152e+06
8.48477e+06
8.48802e+06
8.49127e+06
8.49452e+06
8.49776e+06
8.50101e+06
8.50426e+06
8.5075e+06
8.51075e+06
8.514e+06
8.51724e+06
8.52049e+06
8.52374e+06
8.52698e+06
8.53023e+06
8.53347e+06
8.53672e+06
8.53996e+06
8.54321e+06
8.54645e+06
8.54969e+06
8.55294e+06
8.55618e+06
8.55943e+06
8.56267e+06
8.56591e+06
8.56915e+06
8.5724e+06
8.57564e+06
8.57888e+06
8.58212e+06
8.58537e+06
8.58861e+06
8.59185e+06
8.59509e+06
8.59833e+06
8.60157e+06
8.60481e+06
8.60805e+06
8.61129e+06
8.61453e+06
8.61777e+06
8.62101e+06
8.62425e+06
8.62749e+06
8.63073e+06
8.63397e+06
8.6372e+06
8.64044e+06
8.64368e+06
8.64692e+06
8.65015e+06
8.65339e+06
8.65663e+06
8.65987e+06
8.6631e+06
8.66634e+06
8.66957e+06
8.67281e+06
8.67605e+06
8.67928e+06
8.68252e+06
8.68575e+06
8.68899e+06
8.69222e+06
8.69545e+06
8.69869e+06
8.70192e+06
8.70516e+06
8.70839e+06
8.71162e+06
8.71486e+06
8.71809e+06
8.72132e+06
8.72455e+06
8.72779e+06
8.73102e+06
8.73425e+06
8.73748e+06
8.74071e+06
8.74394e+06
8.74717e+06
8.7504e+06
8.75363e+06
8.75686e+06
8.76009e+06
8.76332e+06
8.76655e+06
8.76978e+06
8.77301e+06
8.77624e+06
8.77947e+06
8.7827e+06
8.78592e+06
8.78915e+06
8.79238e+06
8.79561e+06
8.79884e+06
8.80206e+06
8.80529e+06
8.80852e+06
8.81174e+06
8.81497e+06
8.81819e+06
8.82142e+06
8.82464e+06
8.82787e+06
8.8311e+06
8.83432e+06
8.83754e+06
8.84077e+06
8.84399e+06
8.84722e+06
8.85044e+06
8.85366e+06
8.85689e+06
8.86011e+06
8.86333e+06
8.86656e+06
8.86978e+06
8.873e+06
8.87622e+06
8.87944e+06
8.88266e+06
8.88589e+06
8.88911e+06
8.89233e+06
8.89555e+06
8.89877e+06
8.90199e+06
8.90521e+06
8.90843e+06
8.91165e+06
8.91487e+06
8.91809e+06
8.9213e+06
8.92452e+06
8.92774e+06
8.93096e+06
8.93418e+06
8.93739e+06
8.94061e+06
8.94383e+06
8.94705e+06
8.95026e+06
8.95348e+06
8.95669e+06
8.95991e+06
8.96313e+06
8.96634e+06
8.96956e+06
8.97277e+06
8.97599e+06
8.9792e+06
8.98242e+06
8.98563e+06
8.98884e+06
8.99206e+06
8.99527e+06
8.99849e+06
9.0017e+06
9.00491e+06
9.00812e+06
9.01134e+06
9.01455e+06
9.01776e+06
9.02097e+06
9.02418e+06
9.02739e+06
9.03061e+06
9.03382e+06
9.03703e+06
9.04024e+06
9.04345e+06
9.04666e+06
9.04987e+06
9.05308e+06
9.05629e+06
9.05949e+06
9.0627e+06
9.06591e+06
9.06912e+06
9.07233e+06
9.07554e+06
9.07874e+06
9.08195e+06
9.08516e+06
9.08836e+06
9.09157e+06
9.09478e+06
9.09798e+06
9.10119e+06
9.1044e+06
9.1076e+06
9.11081e+06
9.11401e+06
9.11722e+06
9.12042e+06
9.12362e+06
9.12683e+06
9.13003e+06
9.13324e+06
9.13644e+06
9.13964e+06
9.14285e+06
9.14605e+06
9.14925e+06
9.15245e+06
9.15566e+06
9.15886e+06
9.16206e+06
9.16526e+06
9.16846e+06
9.17166e+06
9.17486e+06
9.17806e+06
9.18126e+06
9.18446e+06
9.18766e+06
9.19086e+06
9.19406e+06
9.19726e+06
9.20046e+06
9.20366e+06
9.20686e+06
9.21005e+06
9.21325e+06
9.21645e+06
9.21965e+06
9.22284e+06
9.22604e+06
9.22924e+06
9.23243e+06
9.23563e+06
9.23883e+06
9.24202e+06
9.24522e+06
9.24841e+06
9.25161e+06
9.2548e+06
9.258e+06
9.26119e+06
9.26439e+06
9.26758e+06
9.27077e+06
9.27397e+06
9.27716e+06
9.28035e+06
9.28355e+06
9.28674e+06
9.28993e+06
9.29312e+06
9.29631e+06
9.29951e+06
9.3027e+06
9.30589e+06
9.30908e+06
9.31227e+06
9.31546e+06
9.31865e+06
9.32184e+06
9.32503e+06
9.32822e+06
9.33141e+06
9.3346e+06
9.33779e+06
9.34097e+06
9.34416e+06
9.34735e+06
9.35054e+06
9.35373e+06
9.35691e+06
9.3601e+06
9.36329e+06
9.36647e+06
9.36966e+06
9.37285e+06
9.37603e+06
9.37922e+06
9.3824e+06
9.38559e+06
9.38877e+06
9.39196e+06
9.39514e+06
9.39833e+06
9.40151e+06
9.40469e+06
9.40788e+06
9.41106e+06
9.41424e+06
9.41743e+06
9.42061e+06
9.42379e+06
9.42697e+06
9.43016e+06
9.43334e+06
9.43652e+06
9.4397e+06
9.44288e+06
9.44606e+06
9.44924e+06
9.45242e+06
9.4556e+06
9.45878e+06
9.46196e+06
9.46514e+06
9.46832e+06
9.4715e+06
9.47468e+06
9.47785e+06
9.48103e+06
9.48421e+06
9.48739e+06
9.49056e+06
9.49374e+06
9.49692e+06
9.5001e+06
9.50327e+06
9.50645e+06
9.50962e+06
9.5128e+06
9.51597e+06
9.51915e+06
9.52232e+06
9.5255e+06
9.52867e+06
9.53185e+06
9.53502e+06
9.5382e+06
9.54137e+06
9.54454e+06
9.54771e+06
9.55089e+06
9.55406e+06
9.55723e+06
9.5604e+06
9.56358e+06
9.56675e+06
9.56992e+06
9.57309e+06
9.57626e+06
9.57943e+06
9.5826e+06
9.58577e+06
9.58894e+06
9.59211e+06
9.59528e+06
9.59845e+06
9.60162e+06
9.60479e+06
9.60795e+06
9.61112e+06
9.61429e+06
9.61746e+06
9.62063e+06
9.62379e+06
9.62696e+06
9.63013e+06
9.63329e+06
9.63646e+06
9.63962e+06
9.64279e+06
9.64596e+06
9.64912e+06
9.65229e+06
9.65545e+06
9.65861e+06
9.66178e+06
9.66494e+06
9.66811e+06
9.67127e+06
9.67443e+06
9.6776e+06
9.68076e+06
9.68392e+06
9.68708e+06
9.69025e+06
9.69341e+06
9.69657e+06
9.69973e+06
9.70289e+06
9.70605e+06
9.70921e+06
9.71237e+06
9.71553e+06
9.71869e+06
9.72185e+06
9.72501e+06
9.72817e+06
9.73133e+06
9.73449e+06
9.73765e+06
9.7408e+06
9.74396e+06
9.74712e+06
9.75028e+06
9.75343e+06
9.75659e+06
9.75975e+06
9.7629e+06
9.76606e+06
9.76922e+06
9.77237e+06
9.77553e+06
9.77868e+06
9.78184e+06
9.78499e+06
9.78814e+06
9.7913e+06
9.79445e+06
9.79761e+06
9.80076e+06
9.80391e+06
9.80707e+06
9.81022e+06
9.81337e+06
9.81652e+06
9.81967e+06
9.82283e+06
9.82598e+06
9.82913e+06
9.83228e+06
9.83543e+06
9.83858e+06
9.84173e+06
9.84488e+06
9.84803e+06
9.85118e+06
9.85433e+06
9.85748e+06
9.86063e+06
9.86377e+06
9.86692e+06
9.87007e+06
9.87322e+06
9.87637e+06
9.87951e+06
9.88266e+06
9.88581e+06
9.88895e+06
9.8921e+06
9.89524e+06
9.89839e+06
9.90154e+06
9.90468e+06
9.90783e+06
9.91097e+06
9.91411e+06
9.91726e+06
9.9204e+06
9.92355e+06
9.92669e+06
9.92983e+06
9.93298e+06
9.93612e+06
9.93926e+06
9.9424e+06
9.94554e+06
9.94869e+06
9.95183e+06
9.95497e+06
9.95811e+06
9.96125e+06
9.96439e+06
9.96753e+06
9.97067e+06
9.97381e+06
9.97695e+06
9.98009e+06
9.98323e+06
9.98636e+06
9.9895e+06
9.99264e+06
9.99578e+06
9.99892e+06
1.00021e+07
1.00052e+07
1.00083e+07
1.00115e+07
1.00146e+07
1.00177e+07
1.00209e+07
1.0024e+07
1.00271e+07
1.00303e+07
1.00334e+07
1.00365e+07
1.00397e+07
1.00428e+07
1.00459e+07
1.00491e+07
1.00522e+07
1.00553e+07
1.00585e+07
1.00616e+07
1.00647e+07
1.00679e+07
1.0071e+07
1.00741e+07
1.00773e+07
1.00804e+07
1.00835e+07
1.00867e+07
1.00898e+07
1.00929e+07
1.00961e+07
1.00992e+07
1.01023e+07
1.01054e+07
1.01086e+07
1.01117e+07
1.01148e+07
1.0118e+07
1.01211e+07
1.01242e+07
1.01273e+07
1.01305e+07
1.01336e+07
1.01367e+07
1.01398e+07
1.0143e+07
1.01461e+07
1.01492e+07
1.01523e+07
1.01555e+07
1.01586e+07
1.01617e+07
1.01648e+07
1.0168e+07
1.01711e+07
1.01742e+07
1.01773e+07
1.01805e+07
1.01836e+07
1.01867e+07
1.01898e+07
1.01929e+07
1.01961e+07
1.01992e+07
1.02023e+07
1.02054e+07
1.02086e+07
1.02117e+07
1.02148e+07
1.02179e+07
1.0221e+07
1.02241e+07
1.02273e+07
1.02304e+07
1.02335e+07
1.02366e+07
1.02397e+07
1.02429e+07
1.0246e+07
1.02491e+07
1.02522e+07
1.02553e+07
1.02584e+07
1.02616e+07
1.02647e+07
1.02678e+07
1.02709e+07
1.0274e+07
1.02771e+07
1.02802e+07
1.02834e+07
1.02865e+07
1.02896e+07
1.02927e+07
1.02958e+07
1.02989e+07
1.0302e+07
1.03052e+07
1.03083e+07
1.03114e+07
1.03145e+07
1.03176e+07
1.03207e+07
1.03238e+07
1.03269e+07
1.033e+07
1.03332e+07
1.03363e+07
1.03394e+07
1.03425e+07
1.03456e+07
1.03487e+07
1.03518e+07
1.03549e+07
1.0358e+07
1.03611e+07
1.03642e+07
1.03673e+07
1.03705e+07
1.03736e+07
1.03767e+07
1.03798e+07
1.03829e+07
1.0386e+07
1.03891e+07
1.03922e+07
1.03953e+07
1.03984e+07
1.04015e+07
1.04046e+07
1.04077e+07
1.04108e+07
1.04139e+07
1.0417e+07
1.04201e+07
1.04232e+07
1.04263e+07
1.04294e+07
1.04325e+07
1.04356e+07
1.04387e+07
1.04418e+07
1.04449e+07
1.0448e+07
1.04511e+07
1.04542e+07
1.04573e+07
1.04604e+07
1.04635e+07
1.04666e+07
1.04697e+07
1.04728e+07
1.04759e+07
1.0479e+07
1.04821e+07
1.04852e+07
1.04883e+07
1.04914e+07
1.04945e+07
1.04976e+07
1.05007e+07
1.05038e+07
1.05069e+07
1.051e+07
1.05131e+07
1.05162e+07
1.05193e+07
1.05224e+07
1.05255e+07
1.05286e+07
1.05316e+07
1.05347e+07
1.05378e+07
1.05409e+07
1.0544e+07
1.05471e+07
1.05502e+07
1.05533e+07
1.05564e+07
1.05595e+07
1.05626e+07
1.05656e+07
1.05687e+07
1.05718e+07
1.05749e+07
1.0578e+07
1.05811e+07
1.05842e+07
1.05873e+07
1.05904e+07
1.05934e+07
1.05965e+07
1.05996e+07
1.06027e+07
1.06058e+07
1.06089e+07
1.0612e+07
1.06151e+07
1.06181e+07
1.06212e+07
1.06243e+07
1.06274e+07
1.06305e+07
1.06336e+07
1.06366e+07
1.06397e+07
1.06428e+07
1.06459e+07
1.0649e+07
1.06521e+07
1.06551e+07
1.06582e+07
1.06613e+07
1.06644e+07
1.06675e+07
1.06706e+07
1.06736e+07
1.06767e+07
1.06798e+07
1.06829e+07
1.0686e+07
1.0689e+07
1.06921e+07
1.06952e+07
1.06983e+07
1.07013e+07
1.07044e+07
1.07075e+07
1.07106e+07
1.07137e+07
1.07167e+07
1.07198e+07
1.07229e+07
1.0726e+07
1.0729e+07
1.07321e+07
1.07352e+07
1.07383e+07
1.07413e+07
1.07444e+07
1.07475e+07
1.07506e+07
1.07536e+07
1.07567e+07
1.07598e+07
1.07629e+07
1.07659e+07
1.0769e+07
1.07721e+07
1.07751e+07
1.07782e+07
1.07813e+07
1.07844e+07
1.07874e+07
1.07905e+07
1.07936e+07
1.07966e+07
1.07997e+07
1.08028e+07
1.08058e+07
1.08089e+07
1.0812e+07
1.0815e+07
1.08181e+07
1.08212e+07
1.08243e+07
1.08273e+07
1.08304e+07
1.08335e+07
1.08365e+07
1.08396e+07
1.08427e+07
1.08457e+07
1.08488e+07
1.08518e+07
1.08549e+07
1.0858e+07
1.0861e+07
1.08641e+07
1.08672e+07
1.08702e+07
1.08733e+07
1.08764e+07
1.08794e+07
1.08825e+07
1.08855e+07
1.08886e+07
1.08917e+07
1.08947e+07
1.08978e+07
1.09008e+07
1.09039e+07
1.0907e+07
1.091e+07
1.09131e+07
1.09161e+07
1.09192e+07
1.09223e+07
1.09253e+07
1.09284e+07
1.09314e+07
1.09345e+07
1.09375e+07
1.09406e+07
1.09437e+07
1.09467e+07
1.09498e+07
1.09528e+07
1.09559e+07
1.09589e+07
1.0962e+07
1.0965e+07
1.09681e+07
1.09712e+07
1.09742e+07
1.09773e+07
1.09803e+07
1.09834e+07
1.09864e+07
1.09895e+07
1.09925e+07
1.09956e+07
1.09986e+07
1.10017e+07
1.10047e+07
1.10078e+07
1.10108e+07
1.10139e+07
1.10169e+07
1.102e+07
1.1023e+07
1.10261e+07
1.10291e+07
1.10322e+07
1.10352e+07
1.10383e+07
1.10413e+07
1.10444e+07
1.10474e+07
1.10505e+07
1.10535e+07
1.10566e+07
1.10596e+07
1.10626e+07
1.10657e+07
1.10687e+07
1.10718e+07
1.10748e+07
1.10779e+07
1.10809e+07
1.1084e+07
1.1087e+07
1.109e+07
1.10931e+07
1.10961e+07
1.10992e+07
1.11022e+07
1.11053e+07
1.11083e+07
1.11113e+07
1.11144e+07
1.11174e+07
1.11205e+07
1.11235e+07
1.11265e+07
1.11296e+07
1.11326e+07
1.11357e+07
1.11387e+07
1.11417e+07
1.11448e+07
1.11478e+07
1.11508e+07
1.11539e+07
1.11569e+07
1.116e+07
1.1163e+07
1.1166e+07
1.11691e+07
1.11721e+07
1.11751e+07
1.11782e+07
1.11812e+07
1.11842e+07
1.11873e+07
1.11903e+07
1.11933e+07
1.11964e+07
1.11994e+07
1.12024e+07
1.12055e+07
1.12085e+07
1.12115e+07
1.12146e+07
1.12176e+07
1.12206e+07
1.12237e+07
1.12267e+07
1.12297e+07
1.12328e+07
1.12358e+07
1.12388e+07
1.12418e+07
1.12449e+07
1.12479e+07
1.12509e+07
1.1254e+07
1.1257e+07
1.126e+07
1.1263e+07
1.12661e+07
1.12691e+07
1.12721e+07
1.12751e+07
1.12782e+07
1.12812e+07
1.12842e+07
1.12872e+07
1.12903e+07
1.12933e+07
1.12963e+07
1.12993e+07
1.13024e+07
1.13054e+07
1.13084e+07
1.13114e+07
1.13144e+07
1.13175e+07
1.13205e+07
1.13235e+07
1.13265e+07
1.13296e+07
1.13326e+07
1.13356e+07
1.13386e+07
1.13416e+07
1.13446e+07
1.13477e+07
1.13507e+07
1.13537e+07
1.13567e+07
1.13597e+07
1.13628e+07
1.13658e+07
1.13688e+07
1.13718e+07
1.13748e+07
1.13778e+07
1.13809e+07
1.13839e+07
1.13869e+07
1.13899e+07
1.13929e+07
1.13959e+07
1.13989e+07
1.1402e+07
1.1405e+07
1.1408e+07
1.1411e+07
1.1414e+07
1.1417e+07
1.142e+07
1.1423e+07
1.14261e+07
1.14291e+07
1.14321e+07
1.14351e+07
1.14381e+07
1.14411e+07
1.14441e+07
1.14471e+07
1.14501e+07
1.14531e+07
1.14562e+07
1.14592e+07
1.14622e+07
1.14652e+07
1.14682e+07
1.14712e+07
1.14742e+07
1.14772e+07
1.14802e+07
1.14832e+07
1.14862e+07
1.14892e+07
1.14922e+07
1.14952e+07
1.14982e+07
1.15012e+07
1.15042e+07
1.15073e+07
1.15103e+07
1.15133e+07
1.15163e+07
1.15193e+07
1.15223e+07
1.15253e+07
1.15283e+07
1.15313e+07
1.15343e+07
1.15373e+07
1.15403e+07
1.15433e+07
1.15463e+07
1.15493e+07
1.15523e+07
1.15553e+07
1.15583e+07
1.15613e+07
1.15643e+07
1.15673e+07
1.15703e+07
1.15733e+07
1.15762e+07
1.15792e+07
1.15822e+07
1.15852e+07
1.15882e+07
1.15912e+07
1.15942e+07
1.15972e+07
1.16002e+07
1.16032e+07
1.16062e+07
1.16092e+07
1.16122e+07
1.16152e+07
1.16182e+07
1.16212e+07
1.16242e+07
1.16271e+07
1.16301e+07
1.16331e+07
1.16361e+07
1.16391e+07
1.16421e+07
1.16451e+07
1.16481e+07
1.16511e+07
1.16541e+07
1.1657e+07
1.166e+07
1.1663e+07
1.1666e+07
1.1669e+07
1.1672e+07
1.1675e+07
1.1678e+07
1.16809e+07
1.16839e+07
1.16869e+07
1.16899e+07
1.16929e+07
1.16959e+07
1.16989e+07
1.17018e+07
1.17048e+07
1.17078e+07
1.17108e+07
1.17138e+07
1.17168e+07
1.17197e+07
1.17227e+07
1.17257e+07
1.17287e+07
1.17317e+07
1.17346e+07
1.17376e+07
1.17406e+07
1.17436e+07
1.17466e+07
1.17495e+07
1.17525e+07
1.17555e+07
1.17585e+07
1.17615e+07
1.17644e+07
1.17674e+07
1.17704e+07
1.17734e+07
1.17764e+07
1.17793e+07
1.17823e+07
1.17853e+07
1.17883e+07
1.17912e+07
1.17942e+07
1.17972e+07
1.18002e+07
1.18031e+07
1.18061e+07
1.18091e+07
1.1812e+07
1.1815e+07
1.1818e+07
1.1821e+07
1.18239e+07
1.18269e+07
1.18299e+07
1.18329e+07
1.18358e+07
1.18388e+07
1.18418e+07
1.18447e+07
1.18477e+07
1.18507e+07
1.18536e+07
1.18566e+07
1.18596e+07
1.18625e+07
1.18655e+07
1.18685e+07
1.18714e+07
1.18744e+07
1.18774e+07
1.18803e+07
1.18833e+07
1.18863e+07
1.18892e+07
1.18922e+07
1.18952e+07
1.18981e+07
1.19011e+07
1.19041e+07
1.1907e+07
1.191e+07
1.1913e+07
1.19159e+07
1.19189e+07
1.19218e+07
1.19248e+07
1.19278e+07
1.19307e+07
1.19337e+07
1.19366e+07
1.19396e+07
1.19426e+07
1.19455e+07
1.19485e+07
1.19514e+07
1.19544e+07
1.19574e+07
1.19603e+07
1.19633e+07
1.19662e+07
1.19692e+07
1.19721e+07
1.19751e+07
1.19781e+07
1.1981e+07
1.1984e+07
1.19869e+07
1.19899e+07
1.19928e+07
1.19958e+07
1.19987e+07
1.20017e+07
1.20047e+07
1.20076e+07
1.20106e+07
1.20135e+07
1.20165e+07
1.20194e+07
1.20224e+07
1.20253e+07
1.20283e+07
1.20312e+07
1.20342e+07
1.20371e+07
1.20401e+07
1.2043e+07
1.2046e+07
1.20489e+07
1.20519e+07
1.20548e+07
1.20578e+07
1.20607e+07
1.20637e+07
1.20666e+07
1.20696e+07
1.20725e+07
1.20754e+07
1.20784e+07
1.20813e+07
1.20843e+07
1.20872e+07
1.20902e+07
1.20931e+07
1.20961e+07
1.2099e+07
1.21019e+07
1.21049e+07
1.21078e+07
1.21108e+07
1.21137e+07
1.21167e+07
1.21196e+07
1.21225e+07
1.21255e+07
1.21284e+07
1.21314e+07
1.21343e+07
1.21372e+07
1.21402e+07
1.21431e+07
1.21461e+07
1.2149e+07
1.21519e+07
1.21549e+07
1.21578e+07
1.21607e+07
1.21637e+07
1.21666e+07
1.21696e+07
1.21725e+07
1.21754e+07
1.21784e+07
1.21813e+07
1.21842e+07
1.21872e+07
1.21901e+07
1.2193e+07
1.2196e+07
1.21989e+07
1.22018e+07
1.22048e+07
1.22077e+07
1.22106e+07
1.22136e+07
1.22165e+07
1.22194e+07
1.22224e+07
1.22253e+07
1.22282e+07
1.22311e+07
1.22341e+07
1.2237e+07
1.22399e+07
1.22429e+07
1.22458e+07
1.22487e+07
1.22516e+07
1.22546e+07
1.22575e+07
1.22604e+07
1.22633e+07
1.22663e+07
1.22692e+07
1.22721e+07
1.22751e+07
1.2278e+07
1.22809e+07
1.22838e+07
1.22867e+07
1.22897e+07
1.22926e+07
1.22955e+07
1.22984e+07
1.23014e+07
1.23043e+07
1.23072e+07
1.23101e+07
1.2313e+07
1.2316e+07
1.23189e+07
1.23218e+07
1.23247e+07
1.23276e+07
1.23306e+07
1.23335e+07
1.23364e+07
1.23393e+07
1.23422e+07
1.23452e+07
1.23481e+07
1.2351e+07
1.23539e+07
1.23568e+07
1.23597e+07
1.23627e+07
1.23656e+07
1.23685e+07
1.23714e+07
1.23743e+07
1.23772e+07
1.23801e+07
1.23831e+07
1.2386e+07
1.23889e+07
1.23918e+07
1.23947e+07
1.23976e+07
1.24005e+07
1.24034e+07
1.24063e+07
1.24093e+07
1.24122e+07
1.24151e+07
1.2418e+07
1.24209e+07
1.24238e+07
1.24267e+07
1.24296e+07
1.24325e+07
1.24354e+07
1.24383e+07
1.24413e+07
1.24442e+07
1.24471e+07
1.245e+07
1.24529e+07
1.24558e+07
1.24587e+07
1.24616e+07
1.24645e+07
1.24674e+07
1.24703e+07
1.24732e+07
1.24761e+07
1.2479e+07
1.24819e+07
1.24848e+07
1.24877e+07
1.24906e+07
1.24935e+07
1.24964e+07
1.24993e+07
1.25022e+07
1.25051e+07
1.2508e+07
1.25109e+07
1.25138e+07
1.25167e+07
1.25196e+07
1.25225e+07
1.25254e+07
1.25283e+07
1.25312e+07
1.25341e+07
1.2537e+07
1.25399e+07
1.25428e+07
1.25457e+07
1.25486e+07
1.25515e+07
1.25544e+07
1.25573e+07
1.25602e+07
1.25631e+07
1.2566e+07
1.25688e+07
1.25717e+07
1.25746e+07
1.25775e+07
1.25804e+07
1.25833e+07
1.25862e+07
1.25891e+07
1.2592e+07
1.25949e+07
1.25978e+07
1.26006e+07
1.26035e+07
1.26064e+07
1.26093e+07
1.26122e+07
1.26151e+07
1.2618e+07
1.26209e+07
1.26237e+07
1.26266e+07
1.26295e+07
1.26324e+07
1.26353e+07
1.26382e+07
1.26411e+07
1.26439e+07
1.26468e+07
1.26497e+07
1.26526e+07
1.26555e+07
1.26584e+07
1.26612e+07
1.26641e+07
1.2667e+07
1.26699e+07
1.26728e+07
1.26757e+07
1.26785e+07
1.26814e+07
1.26843e+07
1.26872e+07
1.26901e+07
1.26929e+07
1.26958e+07
1.26987e+07
1.27016e+07
1.27044e+07
1.27073e+07
1.27102e+07
1.27131e+07
1.2716e+07
1.27188e+07
1.27217e+07
1.27246e+07
1.27275e+07
1.27303e+07
1.27332e+07
1.27361e+07
1.2739e+07
1.27418e+07
1.27447e+07
1.27476e+07
1.27504e+07
1.27533e+07
1.27562e+07
1.27591e+07
1.27619e+07
1.27648e+07
1.27677e+07
1.27705e+07
1.27734e+07
1.27763e+07
1.27792e+07
1.2782e+07
1.27849e+07
1.27878e+07
1.27906e+07
1.27935e+07
1.27964e+07
1.27992e+07
1.28021e+07
1.2805e+07
1.28078e+07
1.28107e+07
1.28136e+07
1.28164e+07
1.28193e+07
1.28222e+07
1.2825e+07
1.28279e+07
1.28307e+07
1.28336e+07
1.28365e+07
1.28393e+07
1.28422e+07
1.28451e+07
1.28479e+07
1.28508e+07
1.28536e+07
1.28565e+07
1.28594e+07
1.28622e+07
1.28651e+07
1.28679e+07
1.28708e+07
1.28737e+07
1.28765e+07
1.28794e+07
1.28822e+07
1.28851e+07
1.28879e+07
1.28908e+07
1.28937e+07
1.28965e+07
1.28994e+07
1.29022e+07
1.29051e+07
1.29079e+07
1.29108e+07
1.29136e+07
1.29165e+07
1.29193e+07
1.29222e+07
1.29251e+07
1.29279e+07
1.29308e+07
1.29336e+07
1.29365e+07
1.29393e+07
1.29422e+07
1.2945e+07
1.29479e+07
1.29507e+07
1.29536e+07
1.29564e+07
1.29593e+07
1.29621e+07
1.2965e+07
1.29678e+07
1.29706e+07
1.29735e+07
1.29763e+07
1.29792e+07
1.2982e+07
1.29849e+07
1.29877e+07
1.29906e+07
1.29934e+07
1.29963e+07
1.29991e+07
1.30019e+07
1.30048e+07
1.30076e+07
1.30105e+07
1.30133e+07
1.30162e+07
1.3019e+07
1.30218e+07
1.30247e+07
1.30275e+07
1.30304e+07
1.30332e+07
1.3036e+07
1.30389e+07
1.30417e+07
1.30446e+07
1.30474e+07
1.30502e+07
1.30531e+07
1.30559e+07
1.30587e+07
1.30616e+07
1.30644e+07
1.30673e+07
1.30701e+07
1.30729e+07
1.30758e+07
1.30786e+07
1.30814e+07
1.30843e+07
1.30871e+07
1.30899e+07
1.30928e+07
1.30956e+07
1.30984e+07
1.31013e+07
1.31041e+07
1.31069e+07
1.31098e+07
1.31126e+07
1.31154e+07
1.31182e+07
1.31211e+07
1.31239e+07
1.31267e+07
1.31296e+07
1.31324e+07
1.31352e+07
1.3138e+07
1.31409e+07
1.31437e+07
1.31465e+07
1.31494e+07
1.31522e+07
1.3155e+07
1.31578e+07
1.31607e+07
1.31635e+07
1.31663e+07
1.31691e+07
1.31719e+07
1.31748e+07
1.31776e+07
1.31804e+07
1.31832e+07
1.31861e+07
1.31889e+07
1.31917e+07
1.31945e+07
1.31973e+07
1.32002e+07
1.3203e+07
1.32058e+07
1.32086e+07
1.32114e+07
1.32143e+07
1.32171e+07
1.32199e+07
1.32227e+07
1.32255e+07
1.32283e+07
1.32312e+07
1.3234e+07
1.32368e+07
1.32396e+07
1.32424e+07
1.32452e+07
1.32481e+07
1.32509e+07
1.32537e+07
1.32565e+07
1.32593e+07
1.32621e+07
1.32649e+07
1.32677e+07
1.32706e+07
1.32734e+07
1.32762e+07
1.3279e+07
1.32818e+07
1.32846e+07
1.32874e+07
1.32902e+07
1.3293e+07
1.32958e+07
1.32987e+07
1.33015e+07
1.33043e+07
1.33071e+07
1.33099e+07
1.33127e+07
1.33155e+07
1.33183e+07
1.33211e+07
1.33239e+07
1.33267e+07
1.33295e+07
1.33323e+07
1.33351e+07
1.33379e+07
1.33407e+07
1.33435e+07
1.33463e+07
1.33491e+07
1.33519e+07
1.33547e+07
1.33576e+07
1.33604e+07
1.33632e+07
1.3366e+07
1.33688e+07
1.33716e+07
1.33743e+07
1.33771e+07
1.33799e+07
1.33827e+07
1.33855e+07
1.33883e+07
1.33911e+07
1.33939e+07
1.33967e+07
1.33995e+07
1.34023e+07
1.34051e+07
1.34079e+07
1.34107e+07
1.34135e+07
1.34163e+07
1.34191e+07
1.34219e+07
1.34247e+07
1.34275e+07
1.34303e+07
1.3433e+07
1.34358e+07
1.34386e+07
1.34414e+07
1.34442e+07
1.3447e+07
1.34498e+07
1.34526e+07
1.34554e+07
1.34582e+07
1.34609e+07
1.34637e+07
1.34665e+07
1.34693e+07
1.34721e+07
1.34749e+07
1.34777e+07
1.34805e+07
1.34832e+07
1.3486e+07
1.34888e+07
1.34916e+07
1.34944e+07
1.34972e+07
1.34999e+07
1.35027e+07
1.35055e+07
1.35083e+07
1.35111e+07
1.35139e+07
1.35166e+07
1.35194e+07
1.35222e+07
1.3525e+07
1.35278e+07
1.35305e+07
1.35333e+07
1.35361e+07
1.35389e+07
1.35417e+07
1.35444e+07
1.35472e+07
1.355e+07
1.35528e+07
1.35555e+07
1.35583e+07
1.35611e+07
1.35639e+07
1.35667e+07
1.35694e+07
1.35722e+07
1.3575e+07
1.35777e+07
1.35805e+07
1.35833e+07
1.35861e+07
1.35888e+07
1.35916e+07
1.35944e+07
1.35972e+07
1.35999e+07
1.36027e+07
1.36055e+07
1.36082e+07
1.3611e+07
1.36138e+07
1.36165e+07
1.36193e+07
1.36221e+07
1.36248e+07
1.36276e+07
1.36304e+07
1.36332e+07
1.36359e+07
1.36387e+07
1.36414e+07
1.36442e+07
1.3647e+07
1.36497e+07
1.36525e+07
1.36553e+07
1.3658e+07
1.36608e+07
1.36636e+07
1.36663e+07
1.36691e+07
1.36718e+07
1.36746e+07
1.36774e+07
1.36801e+07
1.36829e+07
1.36857e+07
1.36884e+07
1.36912e+07
1.36939e+07
1.36967e+07
1.36994e+07
1.37022e+07
1.3705e+07
1.37077e+07
1.37105e+07
1.37132e+07
1.3716e+07
1.37187e+07
1.37215e+07
1.37243e+07
1.3727e+07
1.37298e+07
1.37325e+07
1.37353e+07
1.3738e+07
1.37408e+07
1.37435e+07
1.37463e+07
1.3749e+07
1.37518e+07
1.37545e+07
1.37573e+07
1.376e+07
1.37628e+07
1.37655e+07
1.37683e+07
1.3771e+07
1.37738e+07
1.37765e+07
1.37793e+07
1.3782e+07
1.37848e+07
1.37875e+07
1.37903e+07
1.3793e+07
1.37958e+07
1.37985e+07
1.38013e+07
1.3804e+07
1.38068e+07
1.38095e+07
1.38122e+07
1.3815e+07
1.38177e+07
1.38205e+07
1.38232e+07
1.3826e+07
1.38287e+07
1.38314e+07
1.38342e+07
1.38369e+07
1.38397e+07
1.38424e+07
1.38451e+07
1.38479e+07
1.38506e+07
1.38534e+07
1.38561e+07
1.38588e+07
1.38616e+07
1.38643e+07
1.3867e+07
1.38698e+07
1.38725e+07
1.38753e+07
1.3878e+07
1.38807e+07
1.38835e+07
1.38862e+07
1.38889e+07
1.38917e+07
1.38944e+07
1.38971e+07
1.38999e+07
1.39026e+07
1.39053e+07
1.39081e+07
1.39108e+07
1.39135e+07
1.39162e+07
1.3919e+07
1.39217e+07
1.39244e+07
1.39272e+07
1.39299e+07
1.39326e+07
1.39354e+07
1.39381e+07
1.39408e+07
1.39435e+07
1.39463e+07
1.3949e+07
1.39517e+07
1.39544e+07
1.39572e+07
1.39599e+07
1.39626e+07
1.39653e+07
1.39681e+07
1.39708e+07
1.39735e+07
1.39762e+07
1.39789e+07
1.39817e+07
1.39844e+07
1.39871e+07
1.39898e+07
1.39926e+07
1.39953e+07
1.3998e+07
1.40007e+07
1.40034e+07
1.40062e+07
1.40089e+07
1.40116e+07
1.40143e+07
1.4017e+07
1.40197e+07
1.40225e+07
1.40252e+07
1.40279e+07
1.40306e+07
1.40333e+07
1.4036e+07
1.40387e+07
1.40415e+07
1.40442e+07
1.40469e+07
1.40496e+07
1.40523e+07
1.4055e+07
1.40577e+07
1.40604e+07
1.40632e+07
1.40659e+07
1.40686e+07
1.40713e+07
1.4074e+07
1.40767e+07
1.40794e+07
1.40821e+07
1.40848e+07
1.40875e+07
1.40902e+07
1.4093e+07
1.40957e+07
1.40984e+07
1.41011e+07
1.41038e+07
1.41065e+07
1.41092e+07
1.41119e+07
1.41146e+07
1.41173e+07
1.412e+07
1.41227e+07
1.41254e+07
1.41281e+07
1.41308e+07
1.41335e+07
1.41362e+07
1.41389e+07
1.41416e+07
1.41443e+07
1.4147e+07
1.41497e+07
1.41524e+07
1.41551e+07
1.41578e+07
1.41605e+07
1.41632e+07
1.41659e+07
1.41686e+07
1.41713e+07
1.4174e+07
1.41767e+07
1.41794e+07
1.41821e+07
1.41848e+07
1.41875e+07
1.41902e+07
1.41929e+07
1.41956e+07
1.41982e+07
1.42009e+07
1.42036e+07
1.42063e+07
1.4209e+07
1.42117e+07
1.42144e+07
1.42171e+07
1.42198e+07
1.42225e+07
1.42252e+07
1.42278e+07
1.42305e+07
1.42332e+07
1.42359e+07
1.42386e+07
1.42413e+07
1.4244e+07
1.42467e+07
1.42493e+07
1.4252e+07
1.42547e+07
1.42574e+07
1.42601e+07
1.42628e+07
1.42654e+07
1.42681e+07
1.42708e+07
1.42735e+07
1.42762e+07
1.42789e+07
1.42815e+07
1.42842e+07
1.42869e+07
1.42896e+07
1.42923e+07
1.42949e+07
1.42976e+07
1.43003e+07
1.4303e+07
1.43057e+07
1.43083e+07
1.4311e+07
1.43137e+07
1.43164e+07
1.4319e+07
1.43217e+07
1.43244e+07
1.43271e+07
1.43297e+07
1.43324e+07
1.43351e+07
1.43378e+07
1.43404e+07
1.43431e+07
1.43458e+07
1.43485e+07
1.43511e+07
1.43538e+07
1.43565e+07
1.43591e+07
1.43618e+07
1.43645e+07
1.43672e+07
1.43698e+07
1.43725e+07
1.43752e+07
1.43778e+07
1.43805e+07
1.43832e+07
1.43858e+07
1.43885e+07
1.43912e+07
1.43938e+07
1.43965e+07
1.43992e+07
1.44018e+07
1.44045e+07
1.44072e+07
1.44098e+07
1.44125e+07
1.44151e+07
1.44178e+07
1.44205e+07
1.44231e+07
1.44258e+07
1.44285e+07
1.44311e+07
1.44338e+07
1.44364e+07
1.44391e+07
1.44418e+07
1.44444e+07
1.44471e+07
1.44497e+07
1.44524e+07
1.44551e+07
1.44577e+07
1.44604e+07
1.4463e+07
1.44657e+07
1.44683e+07
1.4471e+07
1.44736e+07
1.44763e+07
1.4479e+07
1.44816e+07
1.44843e+07
1.44869e+07
1.44896e+07
1.44922e+07
1.44949e+07
1.44975e+07
1.45002e+07
1.45028e+07
1.45055e+07
1.45081e+07
1.45108e+07
1.45134e+07
1.45161e+07
1.45187e+07
1.45214e+07
1.4524e+07
1.45267e+07
1.45293e+07
1.4532e+07
1.45346e+07
1.45372e+07
1.45399e+07
1.45425e+07
1.45452e+07
1.45478e+07
1.45505e+07
1.45531e+07
1.45558e+07
1.45584e+07
1.4561e+07
1.45637e+07
1.45663e+07
1.4569e+07
1.45716e+07
1.45743e+07
1.45769e+07
1.45795e+07
1.45822e+07
1.45848e+07
1.45874e+07
1.45901e+07
1.45927e+07
1.45954e+07
1.4598e+07
1.46006e+07
1.46033e+07
1.46059e+07
1.46085e+07
1.46112e+07
1.46138e+07
1.46165e+07
1.46191e+07
1.46217e+07
1.46244e+07
1.4627e+07
1.46296e+07
1.46323e+07
1.46349e+07
1.46375e+07
1.46401e+07
1.46428e+07
1.46454e+07
1.4648e+07
1.46507e+07
1.46533e+07
1.46559e+07
1.46586e+07
1.46612e+07
1.46638e+07
1.46664e+07
1.46691e+07
1.46717e+07
1.46743e+07
1.46769e+07
1.46796e+07
1.46822e+07
1.46848e+07
1.46874e+07
1.46901e+07
1.46927e+07
1.46953e+07
1.46979e+07
1.47006e+07
1.47032e+07
1.47058e+07
1.47084e+07
1.4711e+07
1.47137e+07
1.47163e+07
1.47189e+07
1.47215e+07
1.47241e+07
1.47268e+07
1.47294e+07
1.4732e+07
1.47346e+07
1.47372e+07
1.47399e+07
1.47425e+07
1.47451e+07
1.47477e+07
1.47503e+07
1.47529e+07
1.47555e+07
1.47582e+07
1.47608e+07
1.47634e+07
1.4766e+07
1.47686e+07
1.47712e+07
1.47738e+07
1.47765e+07
1.47791e+07
1.47817e+07
1.47843e+07
1.47869e+07
1.47895e+07
1.47921e+07
1.47947e+07
1.47973e+07
1.47999e+07
1.48025e+07
1.48052e+07
1.48078e+07
1.48104e+07
1.4813e+07
1.48156e+07
1.48182e+07
1.48208e+07
1.48234e+07
1.4826e+07
1.48286e+07
1.48312e+07
1.48338e+07
1.48364e+07
1.4839e+07
1.48416e+07
1.48442e+07
1.48468e+07
1.48494e+07
1.4852e+07
1.48546e+07
1.48572e+07
1.48598e+07
1.48624e+07
1.4865e+07
1.48676e+07
1.48702e+07
1.48728e+07
1.48754e+07
1.4878e+07
1.48806e+07
1.48832e+07
1.48858e+07
1.48884e+07
1.4891e+07
1.48936e+07
1.48962e+07
1.48988e+07
1.49014e+07
1.49039e+07
1.49065e+07
1.49091e+07
1.49117e+07
1.49143e+07
1.49169e+07
1.49195e+07
1.49221e+07
1.49247e+07
1.49273e+07
1.49299e+07
1.49324e+07
1.4935e+07
1.49376e+07
1.49402e+07
1.49428e+07
1.49454e+07
1.4948e+07
1.49506e+07
1.49531e+07
1.49557e+07
1.49583e+07
1.49609e+07
1.49635e+07
1.49661e+07
1.49686e+07
1.49712e+07
1.49738e+07
1.49764e+07
1.4979e+07
1.49816e+07
1.49841e+07
1.49867e+07
1.49893e+07
1.49919e+07
1.49945e+07
1.4997e+07
1.49996e+07
1.50022e+07
1.50048e+07
1.50073e+07
1.50099e+07
1.50125e+07
1.50151e+07
1.50177e+07
1.50202e+07
1.50228e+07
1.50254e+07
1.5028e+07
1.50305e+07
1.50331e+07
1.50357e+07
1.50382e+07
1.50408e+07
1.50434e+07
1.5046e+07
1.50485e+07
1.50511e+07
1.50537e+07
1.50562e+07
1.50588e+07
1.50614e+07
1.50639e+07
1.50665e+07
1.50691e+07
1.50717e+07
1.50742e+07
1.50768e+07
1.50794e+07
1.50819e+07
1.50845e+07
1.50871e+07
1.50896e+07
1.50922e+07
1.50947e+07
1.50973e+07
1.50999e+07
1.51024e+07
1.5105e+07
1.51076e+07
1.51101e+07
1.51127e+07
1.51152e+07
1.51178e+07
1.51204e+07
1.51229e+07
1.51255e+07
1.5128e+07
1.51306e+07
1.51332e+07
1.51357e+07
1.51383e+07
1.51408e+07
1.51434e+07
1.51459e+07
1.51485e+07
1.51511e+07
1.51536e+07
1.51562e+07
1.51587e+07
1.51613e+07
1.51638e+07
1.51664e+07
1.51689e+07
1.51715e+07
1.5174e+07
1.51766e+07
1.51791e+07
1.51817e+07
1.51842e+07
1.51868e+07
1.51893e+07
1.51919e+07
1.51944e+07
1.5197e+07
1.51995e+07
1.52021e+07
1.52046e+07
1.52072e+07
1.52097e+07
1.52123e+07
1.52148e+07
1.52174e+07
1.52199e+07
1.52225e+07
1.5225e+07
1.52275e+07
1.52301e+07
1.52326e+07
1.52352e+07
1.52377e+07
1.52403e+07
1.52428e+07
1.52453e+07
1.52479e+07
1.52504e+07
1.5253e+07
1.52555e+07
1.5258e+07
1.52606e+07
1.52631e+07
1.52657e+07
1.52682e+07
1.52707e+07
1.52733e+07
1.52758e+07
1.52783e+07
1.52809e+07
1.52834e+07
1.52859e+07
1.52885e+07
1.5291e+07
1.52935e+07
1.52961e+07
1.52986e+07
1.53011e+07
1.53037e+07
1.53062e+07
1.53087e+07
1.53113e+07
1.53138e+07
1.53163e+07
1.53189e+07
1.53214e+07
1.53239e+07
1.53264e+07
1.5329e+07
1.53315e+07
1.5334e+07
1.53366e+07
1.53391e+07
1.53416e+07
1.53441e+07
1.53467e+07
1.53492e+07
1.53517e+07
1.53542e+07
1.53568e+07
1.53593e+07
1.53618e+07
1.53643e+07
1.53668e+07
1.53694e+07
1.53719e+07
1.53744e+07
1.53769e+07
1.53794e+07
1.5382e+07
1.53845e+07
1.5387e+07
1.53895e+07
1.5392e+07
1.53946e+07
1.53971e+07
1.53996e+07
1.54021e+07
1.54046e+07
1.54071e+07
1.54097e+07
1.54122e+07
1.54147e+07
1.54172e+07
1.54197e+07
1.54222e+07
1.54247e+07
1.54273e+07
1.54298e+07
1.54323e+07
1.54348e+07
1.54373e+07
1.54398e+07
1.54423e+07
1.54448e+07
1.54473e+07
1.54498e+07
1.54524e+07
1.54549e+07
1.54574e+07
1.54599e+07
1.54624e+07
1.54649e+07
1.54674e+07
1.54699e+07
1.54724e+07
1.54749e+07
1.54774e+07
1.54799e+07
1.54824e+07
1.54849e+07
1.54874e+07
1.54899e+07
1.54924e+07
1.54949e+07
1.54974e+07
1.54999e+07
1.55024e+07
1.55049e+07
1.55074e+07
1.55099e+07
1.55124e+07
1.55149e+07
1.55174e+07
1.55199e+07
1.55224e+07
1.55249e+07
1.55274e+07
1.55299e+07
1.55324e+07
1.55349e+07
1.55374e+07
1.55399e+07
1.55424e+07
1.55449e+07
1.55474e+07
1.55499e+07
1.55524e+07
1.55549e+07
1.55574e+07
1.55598e+07
1.55623e+07
1.55648e+07
1.55673e+07
1.55698e+07
1.55723e+07
1.55748e+07
1.55773e+07
1.55798e+07
1.55822e+07
1.55847e+07
1.55872e+07
1.55897e+07
1.55922e+07
1.55947e+07
1.55972e+07
1.55997e+07
1.56021e+07
1.56046e+07
1.56071e+07
1.56096e+07
1.56121e+07
1.56146e+07
1.5617e+07
1.56195e+07
1.5622e+07
1.56245e+07
1.5627e+07
1.56294e+07
1.56319e+07
1.56344e+07
1.56369e+07
1.56394e+07
1.56418e+07
1.56443e+07
1.56468e+07
1.56493e+07
1.56517e+07
1.56542e+07
1.56567e+07
1.56592e+07
1.56616e+07
1.56641e+07
1.56666e+07
1.56691e+07
1.56715e+07
1.5674e+07
1.56765e+07
1.5679e+07
1.56814e+07
1.56839e+07
1.56864e+07
1.56888e+07
1.56913e+07
1.56938e+07
1.56962e+07
1.56987e+07
1.57012e+07
1.57036e+07
1.57061e+07
1.57086e+07
1.5711e+07
1.57135e+07
1.5716e+07
1.57184e+07
1.57209e+07
1.57234e+07
1.57258e+07
1.57283e+07
1.57308e+07
1.57332e+07
1.57357e+07
1.57382e+07
1.57406e+07
1.57431e+07
1.57455e+07
1.5748e+07
1.57505e+07
1.57529e+07
1.57554e+07
1.57578e+07
1.57603e+07
1.57628e+07
1.57652e+07
1.57677e+07
1.57701e+07
1.57726e+07
1.5775e+07
1.57775e+07
1.57799e+07
1.57824e+07
1.57849e+07
1.57873e+07
1.57898e+07
1.57922e+07
1.57947e+07
1.57971e+07
1.57996e+07
1.5802e+07
1.58045e+07
1.58069e+07
1.58094e+07
1.58118e+07
1.58143e+07
1.58167e+07
1.58192e+07
1.58216e+07
1.58241e+07
1.58265e+07
1.5829e+07
1.58314e+07
1.58339e+07
1.58363e+07
1.58387e+07
1.58412e+07
1.58436e+07
1.58461e+07
1.58485e+07
1.5851e+07
1.58534e+07
1.58559e+07
1.58583e+07
1.58607e+07
1.58632e+07
1.58656e+07
1.58681e+07
1.58705e+07
1.58729e+07
1.58754e+07
1.58778e+07
1.58803e+07
1.58827e+07
1.58851e+07
1.58876e+07
1.589e+07
1.58924e+07
1.58949e+07
1.58973e+07
1.58997e+07
1.59022e+07
1.59046e+07
1.5907e+07
1.59095e+07
1.59119e+07
1.59143e+07
1.59168e+07
1.59192e+07
1.59216e+07
1.59241e+07
1.59265e+07
1.59289e+07
1.59314e+07
1.59338e+07
1.59362e+07
1.59387e+07
1.59411e+07
1.59435e+07
1.59459e+07
1.59484e+07
1.59508e+07
1.59532e+07
1.59556e+07
1.59581e+07
1.59605e+07
1.59629e+07
1.59653e+07
1.59678e+07
1.59702e+07
1.59726e+07
1.5975e+07
1.59774e+07
1.59799e+07
1.59823e+07
1.59847e+07
1.59871e+07
1.59896e+07
1.5992e+07
1.59944e+07
1.59968e+07
1.59992e+07
1.60016e+07
1.60041e+07
1.60065e+07
1.60089e+07
1.60113e+07
1.60137e+07
1.60161e+07
1.60186e+07
1.6021e+07
1.60234e+07
1.60258e+07
1.60282e+07
1.60306e+07
1.6033e+07
1.60354e+07
1.60379e+07
1.60403e+07
1.60427e+07
1.60451e+07
1.60475e+07
1.60499e+07
1.60523e+07
1.60547e+07
1.60571e+07
1.60595e+07
1.6062e+07
1.60644e+07
1.60668e+07
1.60692e+07
1.60716e+07
1.6074e+07
1.60764e+07
1.60788e+07
1.60812e+07
1.60836e+07
1.6086e+07
1.60884e+07
1.60908e+07
1.60932e+07
1.60956e+07
1.6098e+07
1.61004e+07
1.61028e+07
1.61052e+07
1.61076e+07
1.611e+07
1.61124e+07
1.61148e+07
1.61172e+07
1.61196e+07
1.6122e+07
1.61244e+07
1.61268e+07
1.61292e+07
1.61316e+07
1.6134e+07
1.61364e+07
1.61388e+07
1.61412e+07
1.61435e+07
1.61459e+07
1.61483e+07
1.61507e+07
1.61531e+07
1.61555e+07
1.61579e+07
1.61603e+07
1.61627e+07
1.61651e+07
1.61675e+07
1.61698e+07
1.61722e+07
1.61746e+07
1.6177e+07
1.61794e+07
1.61818e+07
1.61842e+07
1.61866e+07
1.61889e+07
1.61913e+07
1.61937e+07
1.61961e+07
1.61985e+07
1.62009e+07
1.62032e+07
1.62056e+07
1.6208e+07
1.62104e+07
1.62128e+07
1.62151e+07
1.62175e+07
1.62199e+07
1.62223e+07
1.62247e+07
1.6227e+07
1.62294e+07
1.62318e+07
1.62342e+07
1.62366e+07
1.62389e+07
1.62413e+07
1.62437e+07
1.62461e+07
1.62484e+07
1.62508e+07
1.62532e+07
1.62555e+07
1.62579e+07
1.62603e+07
1.62627e+07
1.6265e+07
1.62674e+07
1.62698e+07
1.62721e+07
1.62745e+07
1.62769e+07
1.62793e+07
1.62816e+07
1.6284e+07
1.62864e+07
1.62887e+07
1.62911e+07
1.62935e+07
1.62958e+07
1.62982e+07
1.63006e+07
1.63029e+07
1.63053e+07
1.63077e+07
1.631e+07
1.63124e+07
1.63147e+07
1.63171e+07
1.63195e+07
1.63218e+07
1.63242e+07
1.63265e+07
1.63289e+07
1.63313e+07
1.63336e+07
1.6336e+07
1.63383e+07
1.63407e+07
1.63431e+07
1.63454e+07
1.63478e+07
1.63501e+07
1.63525e+07
1.63548e+07
1.63572e+07
1.63596e+07
1.63619e+07
1.63643e+07
1.63666e+07
1.6369e+07
1.63713e+07
1.63737e+07
1.6376e+07
1.63784e+07
1.63807e+07
1.63831e+07
1.63854e+07
1.63878e+07
1.63901e+07
1.63925e+07
1.63948e+07
1.63972e+07
1.63995e+07
1.64019e+07
1.64042e+07
1.64066e+07
1.64089e+07
1.64112e+07
1.64136e+07
1.64159e+07
1.64183e+07
1.64206e+07
1.6423e+07
1.64253e+07
1.64277e+07
1.643e+07
1.64323e+07
1.64347e+07
1.6437e+07
1.64394e+07
1.64417e+07
1.6444e+07
1.64464e+07
1.64487e+07
1.64511e+07
1.64534e+07
1.64557e+07
1.64581e+07
1.64604e+07
1.64627e+07
1.64651e+07
1.64674e+07
1.64697e+07
1.64721e+07
1.64744e+07
1.64767e+07
1.64791e+07
1.64814e+07
1.64837e+07
1.64861e+07
1.64884e+07
1.64907e+07
1.64931e+07
1.64954e+07
1.64977e+07
1.65e+07
1.65024e+07
1.65047e+07
1.6507e+07
1.65094e+07
1.65117e+07
1.6514e+07
1.65163e+07
1.65187e+07
1.6521e+07
1.65233e+07
1.65256e+07
1.6528e+07
1.65303e+07
1.65326e+07
1.65349e+07
1.65373e+07
1.65396e+07
1.65419e+07
1.65442e+07
1.65465e+07
1.65489e+07
1.65512e+07
1.65535e+07
1.65558e+07
1.65581e+07
1.65605e+07
1.65628e+07
1.65651e+07
1.65674e+07
1.65697e+07
1.6572e+07
1.65743e+07
1.65767e+07
1.6579e+07
1.65813e+07
1.65836e+07
1.65859e+07
1.65882e+07
1.65905e+07
1.65929e+07
1.65952e+07
1.65975e+07
1.65998e+07
1.66021e+07
1.66044e+07
1.66067e+07
1.6609e+07
1.66113e+07
1.66136e+07
1.66159e+07
1.66183e+07
1.66206e+07
1.66229e+07
1.66252e+07
1.66275e+07
1.66298e+07
1.66321e+07
1.66344e+07
1.66367e+07
1.6639e+07
1.66413e+07
1.66436e+07
1.66459e+07
1.66482e+07
1.66505e+07
1.66528e+07
1.66551e+07
1.66574e+07
1.66597e+07
1.6662e+07
1.66643e+07
1.66666e+07
1.66689e+07
1.66712e+07
1.66735e+07
1.66758e+07
1.66781e+07
1.66804e+07
1.66827e+07
1.6685e+07
1.66873e+07
1.66896e+07
1.66919e+07
1.66941e+07
1.66964e+07
1.66987e+07
1.6701e+07
1.67033e+07
1.67056e+07
1.67079e+07
1.67102e+07
1.67125e+07
1.67148e+07
1.6717e+07
1.67193e+07
1.67216e+07
1.67239e+07
1.67262e+07
1.67285e+07
1.67308e+07
1.67331e+07
1.67353e+07
1.67376e+07
1.67399e+07
1.67422e+07
1.67445e+07
1.67468e+07
1.6749e+07
1.67513e+07
1.67536e+07
1.67559e+07
1.67582e+07
1.67604e+07
1.67627e+07
1.6765e+07
1.67673e+07
1.67696e+07
1.67718e+07
1.67741e+07
1.67764e+07
1.67787e+07
1.67809e+07
1.67832e+07
1.67855e+07
1.67878e+07
1.679e+07
1.67923e+07
1.67946e+07
1.67969e+07
1.67991e+07
1.68014e+07
1.68037e+07
1.6806e+07
1.68082e+07
1.68105e+07
1.68128e+07
1.6815e+07
1.68173e+07
1.68196e+07
1.68218e+07
1.68241e+07
1.68264e+07
1.68286e+07
1.68309e+07
1.68332e+07
1.68354e+07
1.68377e+07
1.684e+07
1.68422e+07
1.68445e+07
1.68468e+07
1.6849e+07
1.68513e+07
1.68535e+07
1.68558e+07
1.68581e+07
1.68603e+07
1.68626e+07
1.68649e+07
1.68671e+07
1.68694e+07
1.68716e+07
1.68739e+07
1.68761e+07
1.68784e+07
1.68807e+07
1.68829e+07
1.68852e+07
1.68874e+07
1.68897e+07
1.68919e+07
1.68942e+07
1.68964e+07
1.68987e+07
1.69009e+07
1.69032e+07
1.69055e+07
1.69077e+07
1.691e+07
1.69122e+07
1.69145e+07
1.69167e+07
1.6919e+07
1.69212e+07
1.69235e+07
1.69257e+07
1.69279e+07
1.69302e+07
1.69324e+07
1.69347e+07
1.69369e+07
1.69392e+07
1.69414e+07
1.69437e+07
1.69459e+07
1.69482e+07
1.69504e+07
1.69526e+07
1.69549e+07
1.69571e+07
1.69594e+07
1.69616e+07
1.69638e+07
1.69661e+07
1.69683e+07
1.69706e+07
1.69728e+07
1.6975e+07
1.69773e+07
1.69795e+07
1.69818e+07
1.6984e+07
1.69862e+07
1.69885e+07
1.69907e+07
1.69929e+07
1.69952e+07
1.69974e+07
1.69996e+07
1.70019e+07
1.70041e+07
1.70063e+07
1.70086e+07
1.70108e+07
1.7013e+07
1.70153e+07
1.70175e+07
1.70197e+07
1.70219e+07
1.70242e+07
1.70264e+07
1.70286e+07
1.70309e+07
1.70331e+07
1.70353e+07
1.70375e+07
1.70398e+07
1.7042e+07
1.70442e+07
1.70464e+07
1.70487e+07
1.70509e+07
1.70531e+07
1.70553e+07
1.70575e+07
1.70598e+07
1.7062e+07
1.70642e+07
1.70664e+07
1.70687e+07
1.70709e+07
1.70731e+07
1.70753e+07
1.70775e+07
1.70797e+07
1.7082e+07
1.70842e+07
1.70864e+07
1.70886e+07
1.70908e+07
1.7093e+07
1.70953e+07
1.70975e+07
1.70997e+07
1.71019e+07
1.71041e+07
1.71063e+07
1.71085e+07
1.71107e+07
1.71129e+07
1.71152e+07
1.71174e+07
1.71196e+07
1.71218e+07
1.7124e+07
1.71262e+07
1.71284e+07
1.71306e+07
1.71328e+07
1.7135e+07
1.71372e+07
1.71394e+07
1.71416e+07
1.71439e+07
1.71461e+07
1.71483e+07
1.71505e+07
1.71527e+07
1.71549e+07
1.71571e+07
1.71593e+07
1.71615e+07
1.71637e+07
1.71659e+07
1.71681e+07
1.71703e+07
1.71725e+07
1.71747e+07
1.71769e+07
1.71791e+07
1.71813e+07
1.71835e+07
1.71856e+07
1.71878e+07
1.719e+07
1.71922e+07
1.71944e+07
1.71966e+07
1.71988e+07
1.7201e+07
1.72032e+07
1.72054e+07
1.72076e+07
1.72098e+07
1.7212e+07
1.72142e+07
1.72163e+07
1.72185e+07
1.72207e+07
1.72229e+07
1.72251e+07
1.72273e+07
1.72295e+07
1.72317e+07
1.72338e+07
1.7236e+07
1.72382e+07
1.72404e+07
1.72426e+07
1.72448e+07
1.72469e+07
1.72491e+07
1.72513e+07
1.72535e+07
1.72557e+07
1.72579e+07
1.726e+07
1.72622e+07
1.72644e+07
1.72666e+07
1.72688e+07
1.72709e+07
1.72731e+07
1.72753e+07
1.72775e+07
1.72796e+07
1.72818e+07
1.7284e+07
1.72862e+07
1.72883e+07
1.72905e+07
1.72927e+07
1.72949e+07
1.7297e+07
1.72992e+07
1.73014e+07
1.73036e+07
1.73057e+07
1.73079e+07
1.73101e+07
1.73122e+07
1.73144e+07
1.73166e+07
1.73187e+07
1.73209e+07
1.73231e+07
1.73252e+07
1.73274e+07
1.73296e+07
1.73317e+07
1.73339e+07
1.73361e+07
1.73382e+07
1.73404e+07
1.73426e+07
1.73447e+07
1.73469e+07
1.73491e+07
1.73512e+07
1.73534e+07
1.73555e+07
1.73577e+07
1.73599e+07
1.7362e+07
1.73642e+07
1.73663e+07
1.73685e+07
1.73706e+07
1.73728e+07
1.7375e+07
1.73771e+07
1.73793e+07
1.73814e+07
1.73836e+07
1.73857e+07
1.73879e+07
1.739e+07
1.73922e+07
1.73943e+07
1.73965e+07
1.73987e+07
1.74008e+07
1.7403e+07
1.74051e+07
1.74073e+07
1.74094e+07
1.74116e+07
1.74137e+07
1.74158e+07
1.7418e+07
1.74201e+07
1.74223e+07
1.74244e+07
1.74266e+07
1.74287e+07
1.74309e+07
1.7433e+07
1.74352e+07
1.74373e+07
1.74394e+07
1.74416e+07
1.74437e+07
1.74459e+07
1.7448e+07
1.74502e+07
1.74523e+07
1.74544e+07
1.74566e+07
1.74587e+07
1.74608e+07
1.7463e+07
1.74651e+07
1.74673e+07
1.74694e+07
1.74715e+07
1.74737e+07
1.74758e+07
1.74779e+07
1.74801e+07
1.74822e+07
1.74843e+07
1.74865e+07
1.74886e+07
1.74907e+07
1.74929e+07
1.7495e+07
1.74971e+07
1.74993e+07
1.75014e+07
1.75035e+07
1.75056e+07
1.75078e+07
1.75099e+07
1.7512e+07
1.75142e+07
1.75163e+07
1.75184e+07
1.75205e+07
1.75227e+07
1.75248e+07
1.75269e+07
1.7529e+07
1.75312e+07
1.75333e+07
1.75354e+07
1.75375e+07
1.75396e+07
1.75418e+07
1.75439e+07
1.7546e+07
1.75481e+07
1.75502e+07
1.75524e+07
1.75545e+07
1.75566e+07
1.75587e+07
1.75608e+07
1.75629e+07
1.75651e+07
1.75672e+07
1.75693e+07
1.75714e+07
1.75735e+07
1.75756e+07
1.75777e+07
1.75799e+07
1.7582e+07
1.75841e+07
1.75862e+07
1.75883e+07
1.75904e+07
1.75925e+07
1.75946e+07
1.75967e+07
1.75989e+07
1.7601e+07
1.76031e+07
1.76052e+07
1.76073e+07
1.76094e+07
1.76115e+07
1.76136e+07
1.76157e+07
1.76178e+07
1.76199e+07
1.7622e+07
1.76241e+07
1.76262e+07
1.76283e+07
1.76304e+07
1.76325e+07
1.76346e+07
1.76367e+07
1.76388e+07
1.76409e+07
1.7643e+07
1.76451e+07
1.76472e+07
1.76493e+07
1.76514e+07
1.76535e+07
1.76556e+07
1.76577e+07
1.76598e+07
1.76619e+07
1.7664e+07
1.76661e+07
1.76682e+07
1.76703e+07
1.76724e+07
1.76745e+07
1.76765e+07
1.76786e+07
1.76807e+07
1.76828e+07
1.76849e+07
1.7687e+07
1.76891e+07
1.76912e+07
1.76933e+07
1.76953e+07
1.76974e+07
1.76995e+07
1.77016e+07
1.77037e+07
1.77058e+07
1.77079e+07
1.77099e+07
1.7712e+07
1.77141e+07
1.77162e+07
1.77183e+07
1.77204e+07
1.77224e+07
1.77245e+07
1.77266e+07
1.77287e+07
1.77308e+07
1.77328e+07
1.77349e+07
1.7737e+07
1.77391e+07
1.77411e+07
1.77432e+07
1.77453e+07
1.77474e+07
1.77494e+07
1.77515e+07
1.77536e+07
1.77557e+07
1.77577e+07
1.77598e+07
1.77619e+07
1.7764e+07
1.7766e+07
1.77681e+07
1.77702e+07
1.77722e+07
1.77743e+07
1.77764e+07
1.77784e+07
1.77805e+07
1.77826e+07
1.77847e+07
1.77867e+07
1.77888e+07
1.77908e+07
1.77929e+07
1.7795e+07
1.7797e+07
1.77991e+07
1.78012e+07
1.78032e+07
1.78053e+07
1.78074e+07
1.78094e+07
1.78115e+07
1.78135e+07
1.78156e+07
1.78177e+07
1.78197e+07
1.78218e+07
1.78238e+07
1.78259e+07
1.7828e+07
1.783e+07
1.78321e+07
1.78341e+07
1.78362e+07
1.78382e+07
1.78403e+07
1.78423e+07
1.78444e+07
1.78464e+07
1.78485e+07
1.78506e+07
1.78526e+07
1.78547e+07
1.78567e+07
1.78588e+07
1.78608e+07
1.78629e+07
1.78649e+07
1.7867e+07
1.7869e+07
1.7871e+07
1.78731e+07
1.78751e+07
1.78772e+07
1.78792e+07
1.78813e+07
1.78833e+07
1.78854e+07
1.78874e+07
1.78895e+07
1.78915e+07
1.78935e+07
1.78956e+07
1.78976e+07
1.78997e+07
1.79017e+07
1.79037e+07
1.79058e+07
1.79078e+07
1.79099e+07
1.79119e+07
1.79139e+07
1.7916e+07
1.7918e+07
1.792e+07
1.79221e+07
1.79241e+07
1.79262e+07
1.79282e+07
1.79302e+07
1.79323e+07
1.79343e+07
1.79363e+07
1.79384e+07
1.79404e+07
1.79424e+07
1.79444e+07
1.79465e+07
1.79485e+07
1.79505e+07
1.79526e+07
1.79546e+07
1.79566e+07
1.79586e+07
1.79607e+07
1.79627e+07
1.79647e+07
1.79667e+07
1.79688e+07
1.79708e+07
1.79728e+07
1.79748e+07
1.79769e+07
1.79789e+07
1.79809e+07
1.79829e+07
1.7985e+07
1.7987e+07
1.7989e+07
1.7991e+07
1.7993e+07
1.79951e+07
1.79971e+07
1.79991e+07
1.80011e+07
1.80031e+07
1.80051e+07
1.80072e+07
1.80092e+07
1.80112e+07
1.80132e+07
1.80152e+07
1.80172e+07
1.80192e+07
1.80213e+07
1.80233e+07
1.80253e+07
1.80273e+07
1.80293e+07
1.80313e+07
1.80333e+07
1.80353e+07
1.80373e+07
1.80393e+07
1.80414e+07
1.80434e+07
1.80454e+07
1.80474e+07
1.80494e+07
1.80514e+07
1.80534e+07
1.80554e+07
1.80574e+07
1.80594e+07
1.80614e+07
1.80634e+07
1.80654e+07
1.80674e+07
1.80694e+07
1.80714e+07
1.80734e+07
1.80754e+07
1.80774e+07
1.80794e+07
1.80814e+07
1.80834e+07
1.80854e+07
1.80874e+07
1.80894e+07
1.80914e+07
1.80934e+07
1.80954e+07
1.80974e+07
1.80994e+07
1.81014e+07
1.81034e+07
1.81054e+07
1.81073e+07
1.81093e+07
1.81113e+07
1.81133e+07
1.81153e+07
1.81173e+07
1.81193e+07
1.81213e+07
1.81233e+07
1.81253e+07
1.81272e+07
1.81292e+07
1.81312e+07
1.81332e+07
1.81352e+07
1.81372e+07
1.81392e+07
1.81411e+07
1.81431e+07
1.81451e+07
1.81471e+07
1.81491e+07
1.81511e+07
1.8153e+07
1.8155e+07
1.8157e+07
1.8159e+07
1.8161e+07
1.81629e+07
1.81649e+07
1.81669e+07
1.81689e+07
1.81708e+07
1.81728e+07
1.81748e+07
1.81768e+07
1.81787e+07
1.81807e+07
1.81827e+07
1.81847e+07
1.81866e+07
1.81886e+07
1.81906e+07
1.81926e+07
1.81945e+07
1.81965e+07
1.81985e+07
1.82004e+07
1.82024e+07
1.82044e+07
1.82063e+07
1.82083e+07
1.82103e+07
1.82122e+07
1.82142e+07
1.82162e+07
1.82181e+07
1.82201e+07
1.82221e+07
1.8224e+07
1.8226e+07
1.8228e+07
1.82299e+07
1.82319e+07
1.82338e+07
1.82358e+07
1.82378e+07
1.82397e+07
1.82417e+07
1.82436e+07
1.82456e+07
1.82476e+07
1.82495e+07
1.82515e+07
1.82534e+07
1.82554e+07
1.82573e+07
1.82593e+07
1.82613e+07
1.82632e+07
1.82652e+07
1.82671e+07
1.82691e+07
1.8271e+07
1.8273e+07
1.82749e+07
1.82769e+07
1.82788e+07
1.82808e+07
1.82827e+07
1.82847e+07
1.82866e+07
1.82886e+07
1.82905e+07
1.82925e+07
1.82944e+07
1.82964e+07
1.82983e+07
1.83003e+07
1.83022e+07
1.83041e+07
1.83061e+07
1.8308e+07
1.831e+07
1.83119e+07
1.83139e+07
1.83158e+07
1.83177e+07
1.83197e+07
1.83216e+07
1.83236e+07
1.83255e+07
1.83274e+07
1.83294e+07
1.83313e+07
1.83332e+07
1.83352e+07
1.83371e+07
1.83391e+07
1.8341e+07
1.83429e+07
1.83449e+07
1.83468e+07
1.83487e+07
1.83507e+07
1.83526e+07
1.83545e+07
1.83565e+07
1.83584e+07
1.83603e+07
1.83622e+07
1.83642e+07
1.83661e+07
1.8368e+07
1.837e+07
1.83719e+07
1.83738e+07
1.83757e+07
1.83777e+07
1.83796e+07
1.83815e+07
1.83834e+07
1.83854e+07
1.83873e+07
1.83892e+07
1.83911e+07
1.83931e+07
1.8395e+07
1.83969e+07
1.83988e+07
1.84007e+07
1.84027e+07
1.84046e+07
1.84065e+07
1.84084e+07
1.84103e+07
1.84122e+07
1.84142e+07
1.84161e+07
1.8418e+07
1.84199e+07
1.84218e+07
1.84237e+07
1.84257e+07
1.84276e+07
1.84295e+07
1.84314e+07
1.84333e+07
1.84352e+07
1.84371e+07
1.8439e+07
1.84409e+07
1.84429e+07
1.84448e+07
1.84467e+07
1.84486e+07
1.84505e+07
1.84524e+07
1.84543e+07
1.84562e+07
1.84581e+07
1.846e+07
1.84619e+07
1.84638e+07
1.84657e+07
1.84676e+07
1.84695e+07
1.84714e+07
1.84733e+07
1.84752e+07
1.84771e+07
1.8479e+07
1.84809e+07
1.84828e+07
1.84847e+07
1.84866e+07
1.84885e+07
1.84904e+07
1.84923e+07
1.84942e+07
1.84961e+07
1.8498e+07
1.84999e+07
1.85018e+07
1.85037e+07
1.85056e+07
1.85075e+07
1.85094e+07
1.85113e+07
1.85132e+07
1.8515e+07
1.85169e+07
1.85188e+07
1.85207e+07
1.85226e+07
1.85245e+07
1.85264e+07
1.85283e+07
1.85302e+07
1.8532e+07
1.85339e+07
1.85358e+07
1.85377e+07
1.85396e+07
1.85415e+07
1.85433e+07
1.85452e+07
1.85471e+07
1.8549e+07
1.85509e+07
1.85528e+07
1.85546e+07
1.85565e+07
1.85584e+07
1.85603e+07
1.85622e+07
1.8564e+07
1.85659e+07
1.85678e+07
1.85697e+07
1.85715e+07
1.85734e+07
1.85753e+07
1.85772e+07
1.8579e+07
1.85809e+07
1.85828e+07
1.85847e+07
1.85865e+07
1.85884e+07
1.85903e+07
1.85921e+07
1.8594e+07
1.85959e+07
1.85978e+07
1.85996e+07
1.86015e+07
1.86034e+07
1.86052e+07
1.86071e+07
1.8609e+07
1.86108e+07
1.86127e+07
1.86146e+07
1.86164e+07
1.86183e+07
1.86201e+07
1.8622e+07
1.86239e+07
1.86257e+07
1.86276e+07
1.86295e+07
1.86313e+07
1.86332e+07
1.8635e+07
1.86369e+07
1.86387e+07
1.86406e+07
1.86425e+07
1.86443e+07
1.86462e+07
1.8648e+07
1.86499e+07
1.86517e+07
1.86536e+07
1.86555e+07
1.86573e+07
1.86592e+07
1.8661e+07
1.86629e+07
1.86647e+07
1.86666e+07
1.86684e+07
1.86703e+07
1.86721e+07
1.8674e+07
1.86758e+07
1.86777e+07
1.86795e+07
1.86814e+07
1.86832e+07
1.8685e+07
1.86869e+07
1.86887e+07
1.86906e+07
1.86924e+07
1.86943e+07
1.86961e+07
1.8698e+07
1.86998e+07
1.87016e+07
1.87035e+07
1.87053e+07
1.87072e+07
1.8709e+07
1.87108e+07
1.87127e+07
1.87145e+07
1.87164e+07
1.87182e+07
1.872e+07
1.87219e+07
1.87237e+07
1.87255e+07
1.87274e+07
1.87292e+07
1.8731e+07
1.87329e+07
1.87347e+07
1.87365e+07
1.87384e+07
1.87402e+07
1.8742e+07
1.87439e+07
1.87457e+07
1.87475e+07
1.87493e+07
1.87512e+07
1.8753e+07
1.87548e+07
1.87567e+07
1.87585e+07
1.87603e+07
1.87621e+07
1.8764e+07
1.87658e+07
1.87676e+07
1.87694e+07
1.87713e+07
1.87731e+07
1.87749e+07
1.87767e+07
1.87785e+07
1.87804e+07
1.87822e+07
1.8784e+07
1.87858e+07
1.87876e+07
1.87895e+07
1.87913e+07
1.87931e+07
1.87949e+07
1.87967e+07
1.87985e+07
1.88003e+07
1.88022e+07
1.8804e+07
1.88058e+07
1.88076e+07
1.88094e+07
1.88112e+07
1.8813e+07
1.88148e+07
1.88167e+07
1.88185e+07
1.88203e+07
1.88221e+07
1.88239e+07
1.88257e+07
1.88275e+07
1.88293e+07
1.88311e+07
1.88329e+07
1.88347e+07
1.88365e+07
1.88383e+07
1.88401e+07
1.88419e+07
1.88438e+07
1.88456e+07
1.88474e+07
1.88492e+07
1.8851e+07
1.88528e+07
1.88546e+07
1.88564e+07
1.88582e+07
1.886e+07
1.88618e+07
1.88635e+07
1.88653e+07
1.88671e+07
1.88689e+07
1.88707e+07
1.88725e+07
1.88743e+07
1.88761e+07
1.88779e+07
1.88797e+07
1.88815e+07
1.88833e+07
1.88851e+07
1.88869e+07
1.88887e+07
1.88904e+07
1.88922e+07
1.8894e+07
1.88958e+07
1.88976e+07
1.88994e+07
1.89012e+07
1.8903e+07
1.89047e+07
1.89065e+07
1.89083e+07
1.89101e+07
1.89119e+07
1.89137e+07
1.89155e+07
1.89172e+07
1.8919e+07
1.89208e+07
1.89226e+07
1.89244e+07
1.89261e+07
1.89279e+07
1.89297e+07
1.89315e+07
1.89333e+07
1.8935e+07
1.89368e+07
1.89386e+07
1.89404e+07
1.89421e+07
1.89439e+07
1.89457e+07
1.89475e+07
1.89492e+07
1.8951e+07
1.89528e+07
1.89545e+07
1.89563e+07
1.89581e+07
1.89599e+07
1.89616e+07
1.89634e+07
1.89652e+07
1.89669e+07
1.89687e+07
1.89705e+07
1.89722e+07
1.8974e+07
1.89758e+07
1.89775e+07
1.89793e+07
1.89811e+07
1.89828e+07
1.89846e+07
1.89864e+07
1.89881e+07
1.89899e+07
1.89916e+07
1.89934e+07
1.89952e+07
1.89969e+07
1.89987e+07
1.90004e+07
1.90022e+07
1.9004e+07
1.90057e+07
1.90075e+07
1.90092e+07
1.9011e+07
1.90127e+07
1.90145e+07
1.90162e+07
1.9018e+07
1.90197e+07
1.90215e+07
1.90233e+07
1.9025e+07
1.90268e+07
1.90285e+07
1.90303e+07
1.9032e+07
1.90338e+07
1.90355e+07
1.90373e+07
1.9039e+07
1.90407e+07
1.90425e+07
1.90442e+07
1.9046e+07
1.90477e+07
1.90495e+07
1.90512e+07
1.9053e+07
1.90547e+07
1.90564e+07
1.90582e+07
1.90599e+07
1.90617e+07
1.90634e+07
1.90652e+07
1.90669e+07
1.90686e+07
1.90704e+07
1.90721e+07
1.90738e+07
1.90756e+07
1.90773e+07
1.90791e+07
1.90808e+07
1.90825e+07
1.90843e+07
1.9086e+07
1.90877e+07
1.90895e+07
1.90912e+07
1.90929e+07
1.90947e+07
1.90964e+07
1.90981e+07
1.90998e+07
1.91016e+07
1.91033e+07
1.9105e+07
1.91068e+07
1.91085e+07
1.91102e+07
1.91119e+07
1.91137e+07
1.91154e+07
1.91171e+07
1.91188e+07
1.91206e+07
1.91223e+07
1.9124e+07
1.91257e+07
1.91275e+07
1.91292e+07
1.91309e+07
1.91326e+07
1.91343e+07
1.91361e+07
1.91378e+07
1.91395e+07
1.91412e+07
1.91429e+07
1.91446e+07
1.91464e+07
1.91481e+07
1.91498e+07
1.91515e+07
1.91532e+07
1.91549e+07
1.91566e+07
1.91584e+07
1.91601e+07
1.91618e+07
1.91635e+07
1.91652e+07
1.91669e+07
1.91686e+07
1.91703e+07
1.9172e+07
1.91737e+07
1.91755e+07
1.91772e+07
1.91789e+07
1.91806e+07
1.91823e+07
1.9184e+07
1.91857e+07
1.91874e+07
1.91891e+07
1.91908e+07
1.91925e+07
1.91942e+07
1.91959e+07
1.91976e+07
1.91993e+07
1.9201e+07
1.92027e+07
1.92044e+07
1.92061e+07
1.92078e+07
1.92095e+07
1.92112e+07
1.92129e+07
1.92146e+07
1.92163e+07
1.9218e+07
1.92197e+07
1.92214e+07
1.92231e+07
1.92247e+07
1.92264e+07
1.92281e+07
1.92298e+07
1.92315e+07
1.92332e+07
1.92349e+07
1.92366e+07
1.92383e+07
1.924e+07
1.92416e+07
1.92433e+07
1.9245e+07
1.92467e+07
1.92484e+07
1.92501e+07
1.92518e+07
1.92534e+07
1.92551e+07
1.92568e+07
1.92585e+07
1.92602e+07
1.92619e+07
1.92635e+07
1.92652e+07
1.92669e+07
1.92686e+07
1.92703e+07
1.92719e+07
1.92736e+07
1.92753e+07
1.9277e+07
1.92786e+07
1.92803e+07
1.9282e+07
1.92837e+07
1.92853e+07
1.9287e+07
1.92887e+07
1.92904e+07
1.9292e+07
1.92937e+07
1.92954e+07
1.92971e+07
1.92987e+07
1.93004e+07
1.93021e+07
1.93037e+07
1.93054e+07
1.93071e+07
1.93087e+07
1.93104e+07
1.93121e+07
1.93137e+07
1.93154e+07
1.93171e+07
1.93187e+07
1.93204e+07
1.9322e+07
1.93237e+07
1.93254e+07
1.9327e+07
1.93287e+07
1.93304e+07
1.9332e+07
1.93337e+07
1.93353e+07
1.9337e+07
1.93386e+07
1.93403e+07
1.9342e+07
1.93436e+07
1.93453e+07
1.93469e+07
1.93486e+07
1.93502e+07
1.93519e+07
1.93535e+07
1.93552e+07
1.93569e+07
1.93585e+07
1.93602e+07
1.93618e+07
1.93635e+07
1.93651e+07
1.93668e+07
1.93684e+07
1.937e+07
1.93717e+07
1.93733e+07
1.9375e+07
1.93766e+07
1.93783e+07
1.93799e+07
1.93816e+07
1.93832e+07
1.93849e+07
1.93865e+07
1.93881e+07
1.93898e+07
1.93914e+07
1.93931e+07
1.93947e+07
1.93963e+07
1.9398e+07
1.93996e+07
1.94013e+07
1.94029e+07
1.94045e+07
1.94062e+07
1.94078e+07
1.94094e+07
1.94111e+07
1.94127e+07
1.94144e+07
1.9416e+07
1.94176e+07
1.94192e+07
1.94209e+07
1.94225e+07
1.94241e+07
1.94258e+07
1.94274e+07
1.9429e+07
1.94307e+07
1.94323e+07
1.94339e+07
1.94355e+07
1.94372e+07
1.94388e+07
1.94404e+07
1.94421e+07
1.94437e+07
1.94453e+07
1.94469e+07
1.94485e+07
1.94502e+07
1.94518e+07
1.94534e+07
1.9455e+07
1.94567e+07
1.94583e+07
1.94599e+07
1.94615e+07
1.94631e+07
1.94647e+07
1.94664e+07
1.9468e+07
1.94696e+07
1.94712e+07
1.94728e+07
1.94744e+07
1.94761e+07
1.94777e+07
1.94793e+07
1.94809e+07
1.94825e+07
1.94841e+07
1.94857e+07
1.94873e+07
1.9489e+07
1.94906e+07
1.94922e+07
1.94938e+07
1.94954e+07
1.9497e+07
1.94986e+07
1.95002e+07
1.95018e+07
1.95034e+07
1.9505e+07
1.95066e+07
1.95082e+07
1.95098e+07
1.95114e+07
1.9513e+07
1.95147e+07
1.95163e+07
1.95179e+07
1.95195e+07
1.95211e+07
1.95227e+07
1.95243e+07
1.95258e+07
1.95274e+07
1.9529e+07
1.95306e+07
1.95322e+07
1.95338e+07
1.95354e+07
1.9537e+07
1.95386e+07
1.95402e+07
1.95418e+07
1.95434e+07
1.9545e+07
1.95466e+07
1.95482e+07
1.95498e+07
1.95513e+07
1.95529e+07
1.95545e+07
1.95561e+07
1.95577e+07
1.95593e+07
1.95609e+07
1.95625e+07
1.95641e+07
1.95656e+07
1.95672e+07
1.95688e+07
1.95704e+07
1.9572e+07
1.95736e+07
1.95751e+07
1.95767e+07
1.95783e+07
1.95799e+07
1.95815e+07
1.9583e+07
1.95846e+07
1.95862e+07
1.95878e+07
1.95894e+07
1.95909e+07
1.95925e+07
1.95941e+07
1.95957e+07
1.95972e+07
1.95988e+07
1.96004e+07
1.9602e+07
1.96035e+07
1.96051e+07
1.96067e+07
1.96082e+07
1.96098e+07
1.96114e+07
1.96129e+07
1.96145e+07
1.96161e+07
1.96177e+07
1.96192e+07
1.96208e+07
1.96224e+07
1.96239e+07
1.96255e+07
1.96271e+07
1.96286e+07
1.96302e+07
1.96317e+07
1.96333e+07
1.96349e+07
1.96364e+07
1.9638e+07
1.96396e+07
1.96411e+07
1.96427e+07
1.96442e+07
1.96458e+07
1.96473e+07
1.96489e+07
1.96505e+07
1.9652e+07
1.96536e+07
1.96551e+07
1.96567e+07
1.96582e+07
1.96598e+07
1.96613e+07
1.96629e+07
1.96644e+07
1.9666e+07
1.96676e+07
1.96691e+07
1.96707e+07
1.96722e+07
1.96738e+07
1.96753e+07
1.96768e+07
1.96784e+07
1.96799e+07
1.96815e+07
1.9683e+07
1.96846e+07
1.96861e+07
1.96877e+07
1.96892e+07
1.96908e+07
1.96923e+07
1.96938e+07
1.96954e+07
1.96969e+07
1.96985e+07
1.97e+07
1.97015e+07
1.97031e+07
1.97046e+07
1.97062e+07
1.97077e+07
1.97092e+07
1.97108e+07
1.97123e+07
1.97138e+07
1.97154e+07
1.97169e+07
1.97184e+07
1.972e+07
1.97215e+07
1.9723e+07
1.97246e+07
1.97261e+07
1.97276e+07
1.97292e+07
1.97307e+07
1.97322e+07
1.97338e+07
1.97353e+07
1.97368e+07
1.97383e+07
1.97399e+07
1.97414e+07
1.97429e+07
1.97444e+07
1.9746e+07
1.97475e+07
1.9749e+07
1.97505e+07
1.97521e+07
1.97536e+07
1.97551e+07
1.97566e+07
1.97581e+07
1.97597e+07
1.97612e+07
1.97627e+07
1.97642e+07
1.97657e+07
1.97672e+07
1.97688e+07
1.97703e+07
1.97718e+07
1.97733e+07
1.97748e+07
1.97763e+07
1.97779e+07
1.97794e+07
1.97809e+07
1.97824e+07
1.97839e+07
1.97854e+07
1.97869e+07
1.97884e+07
1.97899e+07
1.97914e+07
1.9793e+07
1.97945e+07
1.9796e+07
1.97975e+07
1.9799e+07
1.98005e+07
1.9802e+07
1.98035e+07
1.9805e+07
1.98065e+07
1.9808e+07
1.98095e+07
1.9811e+07
1.98125e+07
1.9814e+07
1.98155e+07
1.9817e+07
1.98185e+07
1.982e+07
1.98215e+07
1.9823e+07
1.98245e+07
1.9826e+07
1.98275e+07
1.9829e+07
1.98305e+07
1.9832e+07
1.98335e+07
1.9835e+07
1.98365e+07
1.98379e+07
1.98394e+07
1.98409e+07
1.98424e+07
1.98439e+07
1.98454e+07
1.98469e+07
1.98484e+07
1.98499e+07
1.98513e+07
1.98528e+07
1.98543e+07
1.98558e+07
1.98573e+07
1.98588e+07
1.98603e+07
1.98617e+07
1.98632e+07
1.98647e+07
1.98662e+07
1.98677e+07
1.98692e+07
1.98706e+07
1.98721e+07
1.98736e+07
1.98751e+07
1.98766e+07
1.9878e+07
1.98795e+07
1.9881e+07
1.98825e+07
1.98839e+07
1.98854e+07
1.98869e+07
1.98884e+07
1.98898e+07
1.98913e+07
1.98928e+07
1.98942e+07
1.98957e+07
1.98972e+07
1.98987e+07
1.99001e+07
1.99016e+07
1.99031e+07
1.99045e+07
1.9906e+07
1.99075e+07
1.99089e+07
1.99104e+07
1.99119e+07
1.99133e+07
1.99148e+07
1.99163e+07
1.99177e+07
1.99192e+07
1.99206e+07
1.99221e+07
1.99236e+07
1.9925e+07
1.99265e+07
1.9928e+07
1.99294e+07
1.99309e+07
1.99323e+07
1.99338e+07
1.99352e+07
1.99367e+07
1.99382e+07
1.99396e+07
1.99411e+07
1.99425e+07
1.9944e+07
1.99454e+07
1.99469e+07
1.99483e+07
1.99498e+07
1.99512e+07
1.99527e+07
1.99541e+07
1.99556e+07
1.9957e+07
1.99585e+07
1.99599e+07
1.99614e+07
1.99628e+07
1.99643e+07
1.99657e+07
1.99672e+07
1.99686e+07
1.997e+07
1.99715e+07
1.99729e+07
1.99744e+07
1.99758e+07
1.99773e+07
1.99787e+07
1.99801e+07
1.99816e+07
1.9983e+07
1.99845e+07
1.99859e+07
1.99873e+07
1.99888e+07
1.99902e+07
1.99916e+07
1.99931e+07
1.99945e+07
1.99959e+07
1.99974e+07
1.99988e+07
2.00002e+07
2.00017e+07
2.00031e+07
2.00045e+07
2.0006e+07
2.00074e+07
2.00088e+07
2.00103e+07
2.00117e+07
2.00131e+07
2.00145e+07
2.0016e+07
2.00174e+07
2.00188e+07
2.00202e+07
2.00217e+07
2.00231e+07
2.00245e+07
2.00259e+07
2.00274e+07
2.00288e+07
2.00302e+07
2.00316e+07
2.00331e+07
2.00345e+07
2.00359e+07
2.00373e+07
2.00387e+07
2.00401e+07
2.00416e+07
2.0043e+07
2.00444e+07
2.00458e+07
2.00472e+07
2.00486e+07
2.00501e+07
2.00515e+07
2.00529e+07
2.00543e+07
2.00557e+07
2.00571e+07
2.00585e+07
2.00599e+07
2.00613e+07
2.00628e+07
2.00642e+07
2.00656e+07
2.0067e+07
2.00684e+07
2.00698e+07
2.00712e+07
2.00726e+07
2.0074e+07
2.00754e+07
2.00768e+07
2.00782e+07
2.00796e+07
2.0081e+07
2.00824e+07
2.00838e+07
2.00852e+07
2.00866e+07
2.0088e+07
2.00894e+07
2.00908e+07
2.00922e+07
2.00936e+07
2.0095e+07
2.00964e+07
2.00978e+07
2.00992e+07
2.01006e+07
2.0102e+07
2.01034e+07
2.01048e+07
2.01062e+07
2.01076e+07
2.0109e+07
2.01103e+07
2.01117e+07
2.01131e+07
2.01145e+07
2.01159e+07
2.01173e+07
2.01187e+07
2.01201e+07
2.01215e+07
2.01228e+07
2.01242e+07
2.01256e+07
2.0127e+07
2.01284e+07
2.01298e+07
2.01311e+07
2.01325e+07
2.01339e+07
2.01353e+07
2.01367e+07
2.0138e+07
2.01394e+07
2.01408e+07
2.01422e+07
2.01436e+07
2.01449e+07
2.01463e+07
2.01477e+07
2.01491e+07
2.01504e+07
2.01518e+07
2.01532e+07
2.01546e+07
2.01559e+07
2.01573e+07
2.01587e+07
2.01601e+07
2.01614e+07
2.01628e+07
2.01642e+07
2.01655e+07
2.01669e+07
2.01683e+07
2.01696e+07
2.0171e+07
2.01724e+07
2.01737e+07
2.01751e+07
2.01765e+07
2.01778e+07
2.01792e+07
2.01806e+07
2.01819e+07
2.01833e+07
2.01846e+07
2.0186e+07
2.01874e+07
2.01887e+07
2.01901e+07
2.01914e+07
2.01928e+07
2.01942e+07
2.01955e+07
2.01969e+07
2.01982e+07
2.01996e+07
2.02009e+07
2.02023e+07
2.02036e+07
2.0205e+07
2.02064e+07
2.02077e+07
2.02091e+07
2.02104e+07
2.02118e+07
2.02131e+07
2.02145e+07
2.02158e+07
2.02172e+07
2.02185e+07
2.02199e+07
2.02212e+07
2.02225e+07
2.02239e+07
2.02252e+07
2.02266e+07
2.02279e+07
2.02293e+07
2.02306e+07
2.0232e+07
2.02333e+07
2.02346e+07
2.0236e+07
2.02373e+07
2.02387e+07
2.024e+07
2.02413e+07
2.02427e+07
2.0244e+07
2.02453e+07
2.02467e+07
2.0248e+07
2.02494e+07
2.02507e+07
2.0252e+07
2.02534e+07
2.02547e+07
2.0256e+07
2.02574e+07
2.02587e+07
2.026e+07
2.02613e+07
2.02627e+07
2.0264e+07
2.02653e+07
2.02667e+07
2.0268e+07
2.02693e+07
2.02706e+07
2.0272e+07
2.02733e+07
2.02746e+07
2.02759e+07
2.02773e+07
2.02786e+07
2.02799e+07
2.02812e+07
2.02826e+07
2.02839e+07
2.02852e+07
2.02865e+07
2.02878e+07
2.02892e+07
2.02905e+07
2.02918e+07
2.02931e+07
2.02944e+07
2.02958e+07
2.02971e+07
2.02984e+07
2.02997e+07
2.0301e+07
2.03023e+07
2.03036e+07
2.0305e+07
2.03063e+07
2.03076e+07
2.03089e+07
2.03102e+07
2.03115e+07
2.03128e+07
2.03141e+07
2.03154e+07
2.03167e+07
2.0318e+07
2.03194e+07
2.03207e+07
2.0322e+07
2.03233e+07
2.03246e+07
2.03259e+07
2.03272e+07
2.03285e+07
2.03298e+07
2.03311e+07
2.03324e+07
2.03337e+07
2.0335e+07
2.03363e+07
2.03376e+07
2.03389e+07
2.03402e+07
2.03415e+07
2.03428e+07
2.03441e+07
2.03454e+07
2.03467e+07
2.0348e+07
2.03492e+07
2.03505e+07
2.03518e+07
2.03531e+07
2.03544e+07
2.03557e+07
2.0357e+07
2.03583e+07
2.03596e+07
2.03609e+07
2.03622e+07
2.03634e+07
2.03647e+07
2.0366e+07
2.03673e+07
2.03686e+07
2.03699e+07
2.03712e+07
2.03724e+07
2.03737e+07
2.0375e+07
2.03763e+07
2.03776e+07
2.03789e+07
2.03801e+07
2.03814e+07
2.03827e+07
2.0384e+07
2.03853e+07
2.03865e+07
2.03878e+07
2.03891e+07
2.03904e+07
2.03916e+07
2.03929e+07
2.03942e+07
2.03955e+07
2.03967e+07
2.0398e+07
2.03993e+07
2.04006e+07
2.04018e+07
2.04031e+07
2.04044e+07
2.04056e+07
2.04069e+07
2.04082e+07
2.04094e+07
2.04107e+07
2.0412e+07
2.04132e+07
2.04145e+07
2.04158e+07
2.0417e+07
2.04183e+07
2.04196e+07
2.04208e+07
2.04221e+07
2.04234e+07
2.04246e+07
2.04259e+07
2.04271e+07
2.04284e+07
2.04297e+07
2.04309e+07
2.04322e+07
2.04334e+07
2.04347e+07
2.04359e+07
2.04372e+07
2.04385e+07
2.04397e+07
2.0441e+07
2.04422e+07
2.04435e+07
2.04447e+07
2.0446e+07
2.04472e+07
2.04485e+07
2.04497e+07
2.0451e+07
2.04522e+07
2.04535e+07
2.04547e+07
2.0456e+07
2.04572e+07
2.04585e+07
2.04597e+07
2.0461e+07
2.04622e+07
2.04634e+07
2.04647e+07
2.04659e+07
2.04672e+07
2.04684e+07
2.04697e+07
2.04709e+07
2.04721e+07
2.04734e+07
2.04746e+07
2.04759e+07
2.04771e+07
2.04783e+07
2.04796e+07
2.04808e+07
2.0482e+07
2.04833e+07
2.04845e+07
2.04858e+07
2.0487e+07
2.04882e+07
2.04895e+07
2.04907e+07
2.04919e+07
2.04931e+07
2.04944e+07
2.04956e+07
2.04968e+07
2.04981e+07
2.04993e+07
2.05005e+07
2.05017e+07
2.0503e+07
2.05042e+07
2.05054e+07
2.05067e+07
2.05079e+07
2.05091e+07
2.05103e+07
2.05115e+07
2.05128e+07
2.0514e+07
2.05152e+07
2.05164e+07
2.05177e+07
2.05189e+07
2.05201e+07
2.05213e+07
2.05225e+07
2.05237e+07
2.0525e+07
2.05262e+07
2.05274e+07
2.05286e+07
2.05298e+07
2.0531e+07
2.05322e+07
2.05335e+07
2.05347e+07
2.05359e+07
2.05371e+07
2.05383e+07
2.05395e+07
2.05407e+07
2.05419e+07
2.05431e+07
2.05443e+07
2.05456e+07
2.05468e+07
2.0548e+07
2.05492e+07
2.05504e+07
2.05516e+07
2.05528e+07
2.0554e+07
2.05552e+07
2.05564e+07
2.05576e+07
2.05588e+07
2.056e+07
2.05612e+07
2.05624e+07
2.05636e+07
2.05648e+07
2.0566e+07
2.05672e+07
2.05684e+07
2.05696e+07
2.05708e+07
2.0572e+07
2.05732e+07
2.05744e+07
2.05756e+07
2.05767e+07
2.05779e+07
2.05791e+07
2.05803e+07
2.05815e+07
2.05827e+07
2.05839e+07
2.05851e+07
2.05863e+07
2.05875e+07
2.05886e+07
2.05898e+07
2.0591e+07
2.05922e+07
2.05934e+07
2.05946e+07
2.05958e+07
2.05969e+07
2.05981e+07
2.05993e+07
2.06005e+07
2.06017e+07
2.06028e+07
2.0604e+07
2.06052e+07
2.06064e+07
2.06076e+07
2.06087e+07
2.06099e+07
2.06111e+07
2.06123e+07
2.06134e+07
2.06146e+07
2.06158e+07
2.0617e+07
2.06181e+07
2.06193e+07
2.06205e+07
2.06217e+07
2.06228e+07
2.0624e+07
2.06252e+07
2.06263e+07
2.06275e+07
2.06287e+07
2.06298e+07
2.0631e+07
2.06322e+07
2.06333e+07
2.06345e+07
2.06357e+07
2.06368e+07
2.0638e+07
2.06392e+07
2.06403e+07
2.06415e+07
2.06427e+07
2.06438e+07
2.0645e+07
2.06461e+07
2.06473e+07
2.06485e+07
2.06496e+07
2.06508e+07
2.06519e+07
2.06531e+07
2.06542e+07
2.06554e+07
2.06565e+07
2.06577e+07
2.06589e+07
2.066e+07
2.06612e+07
2.06623e+07
2.06635e+07
2.06646e+07
2.06658e+07
2.06669e+07
2.06681e+07
2.06692e+07
2.06704e+07
2.06715e+07
2.06727e+07
2.06738e+07
2.0675e+07
2.06761e+07
2.06772e+07
2.06784e+07
2.06795e+07
2.06807e+07
2.06818e+07
2.0683e+07
2.06841e+07
2.06852e+07
2.06864e+07
2.06875e+07
2.06887e+07
2.06898e+07
2.06909e+07
2.06921e+07
2.06932e+07
2.06943e+07
2.06955e+07
2.06966e+07
2.06978e+07
2.06989e+07
2.07e+07
2.07012e+07
2.07023e+07
2.07034e+07
2.07045e+07
2.07057e+07
2.07068e+07
2.07079e+07
2.07091e+07
2.07102e+07
2.07113e+07
2.07125e+07
2.07136e+07
2.07147e+07
2.07158e+07
2.0717e+07
2.07181e+07
2.07192e+07
2.07203e+07
2.07214e+07
2.07226e+07
2.07237e+07
2.07248e+07
2.07259e+07
2.07271e+07
2.07282e+07
2.07293e+07
2.07304e+07
2.07315e+07
2.07326e+07
2.07338e+07
2.07349e+07
2.0736e+07
2.07371e+07
2.07382e+07
2.07393e+07
2.07405e+07
2.07416e+07
2.07427e+07
2.07438e+07
2.07449e+07
2.0746e+07
2.07471e+07
2.07482e+07
2.07493e+07
2.07504e+07
2.07516e+07
2.07527e+07
2.07538e+07
2.07549e+07
2.0756e+07
2.07571e+07
2.07582e+07
2.07593e+07
2.07604e+07
2.07615e+07
2.07626e+07
2.07637e+07
2.07648e+07
2.07659e+07
2.0767e+07
2.07681e+07
2.07692e+07
2.07703e+07
2.07714e+07
2.07725e+07
2.07736e+07
2.07747e+07
2.07758e+07
2.07769e+07
2.0778e+07
2.07791e+07
2.07802e+07
2.07812e+07
2.07823e+07
2.07834e+07
2.07845e+07
2.07856e+07
2.07867e+07
2.07878e+07
2.07889e+07
2.079e+07
2.07911e+07
2.07921e+07
2.07932e+07
2.07943e+07
2.07954e+07
2.07965e+07
2.07976e+07
2.07987e+07
2.07997e+07
2.08008e+07
2.08019e+07
2.0803e+07
2.08041e+07
2.08051e+07
2.08062e+07
2.08073e+07
2.08084e+07
2.08095e+07
2.08105e+07
2.08116e+07
2.08127e+07
2.08138e+07
2.08148e+07
2.08159e+07
2.0817e+07
2.08181e+07
2.08191e+07
2.08202e+07
2.08213e+07
2.08223e+07
2.08234e+07
2.08245e+07
2.08256e+07
2.08266e+07
2.08277e+07
2.08288e+07
2.08298e+07
2.08309e+07
2.0832e+07
2.0833e+07
2.08341e+07
2.08352e+07
2.08362e+07
2.08373e+07
2.08383e+07
2.08394e+07
2.08405e+07
2.08415e+07
2.08426e+07
2.08436e+07
2.08447e+07
2.08458e+07
2.08468e+07
2.08479e+07
2.08489e+07
2.085e+07
2.0851e+07
2.08521e+07
2.08532e+07
2.08542e+07
2.08553e+07
2.08563e+07
2.08574e+07
2.08584e+07
2.08595e+07
2.08605e+07
2.08616e+07
2.08626e+07
2.08637e+07
2.08647e+07
2.08658e+07
2.08668e+07
2.08679e+07
2.08689e+07
2.087e+07
2.0871e+07
2.0872e+07
2.08731e+07
2.08741e+07
2.08752e+07
2.08762e+07
2.08773e+07
2.08783e+07
2.08793e+07
2.08804e+07
2.08814e+07
2.08825e+07
2.08835e+07
2.08845e+07
2.08856e+07
2.08866e+07
2.08876e+07
2.08887e+07
2.08897e+07
2.08907e+07
2.08918e+07
2.08928e+07
2.08938e+07
2.08949e+07
2.08959e+07
2.08969e+07
2.0898e+07
2.0899e+07
2.09e+07
2.09011e+07
2.09021e+07
2.09031e+07
2.09041e+07
2.09052e+07
2.09062e+07
2.09072e+07
2.09082e+07
2.09093e+07
2.09103e+07
2.09113e+07
2.09123e+07
2.09134e+07
2.09144e+07
2.09154e+07
2.09164e+07
2.09174e+07
2.09185e+07
2.09195e+07
2.09205e+07
2.09215e+07
2.09225e+07
2.09235e+07
2.09246e+07
2.09256e+07
2.09266e+07
2.09276e+07
2.09286e+07
2.09296e+07
2.09306e+07
2.09316e+07
2.09327e+07
2.09337e+07
2.09347e+07
2.09357e+07
2.09367e+07
2.09377e+07
2.09387e+07
2.09397e+07
2.09407e+07
2.09417e+07
2.09427e+07
2.09437e+07
2.09447e+07
2.09457e+07
2.09468e+07
2.09478e+07
2.09488e+07
2.09498e+07
2.09508e+07
2.09518e+07
2.09528e+07
2.09538e+07
2.09548e+07
2.09558e+07
2.09568e+07
2.09577e+07
2.09587e+07
2.09597e+07
2.09607e+07
2.09617e+07
2.09627e+07
2.09637e+07
2.09647e+07
2.09657e+07
2.09667e+07
2.09677e+07
2.09687e+07
2.09697e+07
2.09707e+07
2.09716e+07
2.09726e+07
2.09736e+07
2.09746e+07
2.09756e+07
2.09766e+07
2.09776e+07
2.09785e+07
2.09795e+07
2.09805e+07
2.09815e+07
2.09825e+07
2.09835e+07
2.09844e+07
2.09854e+07
2.09864e+07
2.09874e+07
2.09884e+07
2.09893e+07
2.09903e+07
2.09913e+07
2.09923e+07
2.09932e+07
2.09942e+07
2.09952e+07
2.09962e+07
2.09971e+07
2.09981e+07
2.09991e+07
2.10001e+07
2.1001e+07
2.1002e+07
2.1003e+07
2.10039e+07
2.10049e+07
2.10059e+07
2.10068e+07
2.10078e+07
2.10088e+07
2.10098e+07
2.10107e+07
2.10117e+07
2.10126e+07
2.10136e+07
2.10146e+07
2.10155e+07
2.10165e+07
2.10175e+07
2.10184e+07
2.10194e+07
2.10203e+07
2.10213e+07
2.10223e+07
2.10232e+07
2.10242e+07
2.10251e+07
2.10261e+07
2.1027e+07
2.1028e+07
2.1029e+07
2.10299e+07
2.10309e+07
2.10318e+07
2.10328e+07
2.10337e+07
2.10347e+07
2.10356e+07
2.10366e+07
2.10375e+07
2.10385e+07
2.10394e+07
2.10404e+07
2.10413e+07
2.10423e+07
2.10432e+07
2.10442e+07
2.10451e+07
2.1046e+07
2.1047e+07
2.10479e+07
2.10489e+07
2.10498e+07
2.10508e+07
2.10517e+07
2.10526e+07
2.10536e+07
2.10545e+07
2.10555e+07
2.10564e+07
2.10573e+07
2.10583e+07
2.10592e+07
2.10601e+07
2.10611e+07
2.1062e+07
2.10629e+07
2.10639e+07
2.10648e+07
2.10657e+07
2.10667e+07
2.10676e+07
2.10685e+07
2.10695e+07
2.10704e+07
2.10713e+07
2.10723e+07
2.10732e+07
2.10741e+07
2.1075e+07
2.1076e+07
2.10769e+07
2.10778e+07
2.10787e+07
2.10797e+07
2.10806e+07
2.10815e+07
2.10824e+07
2.10834e+07
2.10843e+07
2.10852e+07
2.10861e+07
2.1087e+07
2.1088e+07
2.10889e+07
2.10898e+07
2.10907e+07
2.10916e+07
2.10925e+07
2.10935e+07
2.10944e+07
2.10953e+07
2.10962e+07
2.10971e+07
2.1098e+07
2.10989e+07
2.10998e+07
2.11008e+07
2.11017e+07
2.11026e+07
2.11035e+07
2.11044e+07
2.11053e+07
2.11062e+07
2.11071e+07
2.1108e+07
2.11089e+07
2.11098e+07
2.11107e+07
2.11116e+07
2.11125e+07
2.11134e+07
2.11143e+07
2.11152e+07
2.11161e+07
2.1117e+07
2.11179e+07
2.11188e+07
2.11197e+07
2.11206e+07
2.11215e+07
2.11224e+07
2.11233e+07
2.11242e+07
2.11251e+07
2.1126e+07
2.11269e+07
2.11278e+07
2.11287e+07
2.11296e+07
2.11305e+07
2.11314e+07
2.11323e+07
2.11332e+07
2.1134e+07
2.11349e+07
2.11358e+07
2.11367e+07
2.11376e+07
2.11385e+07
2.11394e+07
2.11403e+07
2.11411e+07
2.1142e+07
2.11429e+07
2.11438e+07
2.11447e+07
2.11456e+07
2.11464e+07
2.11473e+07
2.11482e+07
2.11491e+07
2.115e+07
2.11508e+07
2.11517e+07
2.11526e+07
2.11535e+07
2.11543e+07
2.11552e+07
2.11561e+07
2.1157e+07
2.11578e+07
2.11587e+07
2.11596e+07
2.11605e+07
2.11613e+07
2.11622e+07
2.11631e+07
2.11639e+07
2.11648e+07
2.11657e+07
2.11665e+07
2.11674e+07
2.11683e+07
2.11691e+07
2.117e+07
2.11709e+07
2.11717e+07
2.11726e+07
2.11735e+07
2.11743e+07
2.11752e+07
2.1176e+07
2.11769e+07
2.11778e+07
2.11786e+07
2.11795e+07
2.11803e+07
2.11812e+07
2.11821e+07
2.11829e+07
2.11838e+07
2.11846e+07
2.11855e+07
2.11863e+07
2.11872e+07
2.1188e+07
2.11889e+07
2.11898e+07
2.11906e+07
2.11915e+07
2.11923e+07
2.11932e+07
2.1194e+07
2.11949e+07
2.11957e+07
2.11966e+07
2.11974e+07
2.11982e+07
2.11991e+07
2.11999e+07
2.12008e+07
2.12016e+07
2.12025e+07
2.12033e+07
2.12042e+07
2.1205e+07
2.12058e+07
2.12067e+07
2.12075e+07
2.12084e+07
2.12092e+07
2.121e+07
2.12109e+07
2.12117e+07
2.12125e+07
2.12134e+07
2.12142e+07
2.12151e+07
2.12159e+07
2.12167e+07
2.12176e+07
2.12184e+07
2.12192e+07
2.122e+07
2.12209e+07
2.12217e+07
2.12225e+07
2.12234e+07
2.12242e+07
2.1225e+07
2.12259e+07
2.12267e+07
2.12275e+07
2.12283e+07
2.12292e+07
2.123e+07
2.12308e+07
2.12316e+07
2.12324e+07
2.12333e+07
2.12341e+07
2.12349e+07
2.12357e+07
2.12366e+07
2.12374e+07
2.12382e+07
2.1239e+07
2.12398e+07
2.12406e+07
2.12415e+07
2.12423e+07
2.12431e+07
2.12439e+07
2.12447e+07
2.12455e+07
2.12463e+07
2.12472e+07
2.1248e+07
2.12488e+07
2.12496e+07
2.12504e+07
2.12512e+07
2.1252e+07
2.12528e+07
2.12536e+07
2.12544e+07
2.12552e+07
2.12561e+07
2.12569e+07
2.12577e+07
2.12585e+07
2.12593e+07
2.12601e+07
2.12609e+07
2.12617e+07
2.12625e+07
2.12633e+07
2.12641e+07
2.12649e+07
2.12657e+07
2.12665e+07
2.12673e+07
2.12681e+07
2.12689e+07
2.12697e+07
2.12705e+07
2.12712e+07
2.1272e+07
2.12728e+07
2.12736e+07
2.12744e+07
2.12752e+07
2.1276e+07
2.12768e+07
2.12776e+07
2.12784e+07
2.12792e+07
2.128e+07
2.12807e+07
2.12815e+07
2.12823e+07
2.12831e+07
2.12839e+07
2.12847e+07
2.12855e+07
2.12862e+07
2.1287e+07
2.12878e+07
2.12886e+07
2.12894e+07
2.12901e+07
2.12909e+07
2.12917e+07
2.12925e+07
2.12933e+07
2.1294e+07
2.12948e+07
2.12956e+07
2.12964e+07
2.12971e+07
2.12979e+07
2.12987e+07
2.12995e+07
2.13002e+07
2.1301e+07
2.13018e+07
2.13026e+07
